shape_id,shape_pt_lat,shape_pt_lon,shape_pt_sequence,shape_dist_traveled
nbend_all,41.95699,-124.20418,1,0
nbend_all,41.95699,-124.20425,2,0.006
nbend_all,41.96147,-124.20301,3,0.514
nbend_all,41.96296,-124.20272,4,0.682
nbend_all,41.96414,-124.20265,5,0.813
nbend_all,41.96637,-124.20269,6,1.061
nbend_all,41.9796,-124.20323,7,2.533
nbend_all,41.98212,-124.20329,8,2.813
nbend_all,41.98377,-124.20339,9,2.997
nbend_all,41.98411,-124.20349,10,3.036
nbend_all,41.98475,-124.2038,11,3.111
nbend_all,41.98948,-124.20723,12,3.709
nbend_all,41.9901,-124.20754,13,3.782
nbend_all,41.99056,-124.20769,14,3.835
nbend_all,41.99142,-124.20783,15,3.931
nbend_all,41.99457,-124.20795,16,4.282
nbend_all,41.99483,-124.20802,17,4.311
nbend_all,41.99989,-124.2084,18,4.875
nbend_all,42.00064,-124.20852,19,4.959
nbend_all,42.00217,-124.20888,20,5.131
nbend_all,42.00358,-124.20938,21,5.293
nbend_all,42.00461,-124.20983,22,5.414
nbend_all,42.00566,-124.21037,23,5.539
nbend_all,42.00667,-124.21097,24,5.662
nbend_all,42.00838,-124.2122,25,5.877
nbend_all,42.01442,-124.21741,26,6.675
nbend_all,42.01658,-124.21934,27,6.963
nbend_all,42.01804,-124.22091,28,7.171
nbend_all,42.01996,-124.2232,29,7.456
nbend_all,42.02538,-124.22971,30,8.264
nbend_all,42.02575,-124.23021,31,8.322
nbend_all,42.02814,-124.23301,32,8.675
nbend_all,42.03571,-124.24223,33,9.81
nbend_all,42.03767,-124.24453,34,10.099
nbend_all,42.04113,-124.24874,35,10.617
nbend_all,42.04417,-124.25229,36,11.065
nbend_all,42.04588,-124.25441,37,11.323
nbend_all,42.0482,-124.25716,38,11.667
nbend_all,42.049668,-124.258994,39,11.889
nbend_all,42.051913,-124.261664,40,12.223
nbend_all,42.05351,-124.2636,41,12.461
nbend_all,42.05388,-124.26412,42,12.521
nbend_all,42.05418,-124.26464,43,12.575
nbend_all,42.05436,-124.265,44,12.611
nbend_all,42.05453,-124.26547,45,12.654
nbend_all,42.05464,-124.26564,46,12.673
nbend_all,42.05473,-124.266,47,12.704
nbend_all,42.05481,-124.26664,48,12.758
nbend_all,42.05487,-124.26732,49,12.814
nbend_all,42.05484,-124.26763,50,12.84
nbend_all,42.05507,-124.27168,51,13.176
nbend_all,42.05506,-124.27247,52,13.241
nbend_all,42.05486,-124.2737,53,13.345
nbend_all,42.05446,-124.27532,54,13.486
nbend_all,42.05308,-124.27968,55,13.877
nbend_all,42.0524,-124.28205,56,14.087
nbend_all,42.05228,-124.28296,57,14.163
nbend_all,42.0523,-124.28354,58,14.211
nbend_all,42.0524,-124.28416,59,14.263
nbend_all,42.05258,-124.28475,60,14.316
nbend_all,42.05298,-124.28558,61,14.398
nbend_all,42.05404,-124.28751,62,14.596
nbend_all,42.054368,-124.288192,63,14.663
nbend_all,42.054581,-124.288009,64,14.691
nbend_all,42.054806,-124.287969,65,14.716
nbend_all,42.054971,-124.287985,66,14.735
nbend_all,42.054794,-124.288312,67,14.768
nbend_all,42.054996,-124.289029,68,14.832
nbend_all,42.054729,-124.289189,69,14.864
nbend_all,42.05515,-124.29063,70,14.992
nbend_all,42.05635,-124.2958,71,15.439
nbend_all,42.05669,-124.29684,72,15.533
nbend_all,42.05709,-124.29768,73,15.615
nbend_all,42.0574,-124.29797,74,15.657
nbend_all,42.05846,-124.29862,75,15.787
nbend_all,42.06167,-124.30127,76,16.205
nbend_all,42.06244,-124.30183,77,16.303
nbend_all,42.06328,-124.30236,78,16.406
nbend_all,42.066,-124.30437,79,16.751
nbend_all,42.07255,-124.30947,80,17.592
nbend_all,42.07434,-124.3108,81,17.819
nbend_all,42.07533,-124.3116,82,17.948
nbend_all,42.07654,-124.31276,83,18.113
nbend_all,42.0783,-124.3148,84,18.371
nbend_all,42.07942,-124.31643,85,18.554
nbend_all,42.08042,-124.31804,86,18.728
nbend_all,42.08126,-124.31967,87,18.891
nbend_all,42.08318,-124.32316,88,19.25
nbend_all,42.08456,-124.3258,89,19.516
nbend_all,42.08502,-124.32654,90,19.596
nbend_all,42.08529,-124.32689,91,19.638
nbend_all,42.08584,-124.32752,92,19.718
nbend_all,42.08636,-124.32802,93,19.789
nbend_all,42.08901,-124.33039,94,20.143
nbend_all,42.10048,-124.34092,95,21.686
nbend_all,42.10287,-124.34272,96,21.99
nbend_all,42.10863,-124.34661,97,22.707
nbend_all,42.11083,-124.34804,98,22.978
nbend_all,42.11185,-124.34853,99,23.099
nbend_all,42.11257,-124.34875,100,23.181
nbend_all,42.11306,-124.34882,101,23.236
nbend_all,42.12198,-124.34911,102,24.228
nbend_all,42.12268,-124.34922,103,24.306
nbend_all,42.12448,-124.34963,104,24.509
nbend_all,42.1252,-124.34969,105,24.589
nbend_all,42.12627,-124.34945,106,24.71
nbend_all,42.129,-124.34842,107,25.025
nbend_all,42.1296,-124.34842,108,25.092
nbend_all,42.13011,-124.34857,109,25.15
nbend_all,42.13056,-124.3488,110,25.203
nbend_all,42.13218,-124.3498,111,25.402
nbend_all,42.13286,-124.35006,112,25.48
nbend_all,42.13356,-124.35014,113,25.558
nbend_all,42.13569,-124.3499,114,25.796
nbend_all,42.13641,-124.35002,115,25.877
nbend_all,42.13676,-124.35016,116,25.917
nbend_all,42.1371,-124.35037,117,25.959
nbend_all,42.13901,-124.35183,118,26.203
nbend_all,42.1397,-124.35219,119,26.285
nbend_all,42.14005,-124.3523,120,26.325
nbend_all,42.14077,-124.35239,121,26.406
nbend_all,42.14336,-124.35206,122,26.695
nbend_all,42.14409,-124.3521,123,26.776
nbend_all,42.14444,-124.35218,124,26.815
nbend_all,42.14479,-124.35231,125,26.856
nbend_all,42.14546,-124.3527,126,26.937
nbend_all,42.14607,-124.35322,127,27.017
nbend_all,42.14662,-124.35386,128,27.098
nbend_all,42.14736,-124.35503,129,27.225
nbend_all,42.14901,-124.35782,130,27.519
nbend_all,42.14925,-124.35818,131,27.559
nbend_all,42.1498,-124.35882,132,27.64
nbend_all,42.15042,-124.35931,133,27.72
nbend_all,42.15076,-124.35948,134,27.76
nbend_all,42.15111,-124.35961,135,27.8
nbend_all,42.15182,-124.35976,136,27.88
nbend_all,42.15613,-124.3602,137,28.361
nbend_all,42.15688,-124.36018,138,28.444
nbend_all,42.15758,-124.35997,139,28.524
nbend_all,42.15792,-124.35981,140,28.564
nbend_all,42.15983,-124.35846,141,28.804
nbend_all,42.16051,-124.35807,142,28.886
nbend_all,42.16133,-124.35774,143,28.981
nbend_all,42.16172,-124.35767,144,29.025
nbend_all,42.16215,-124.35765,145,29.073
nbend_all,42.16269,-124.35771,146,29.133
nbend_all,42.1639,-124.35805,147,29.27
nbend_all,42.16494,-124.35859,148,29.394
nbend_all,42.16615,-124.35942,149,29.545
nbend_all,42.16761,-124.35998,150,29.714
nbend_all,42.16834,-124.36014,151,29.796
nbend_all,42.16906,-124.36008,152,29.876
nbend_all,42.16975,-124.35979,153,29.957
nbend_all,42.1704,-124.35937,154,30.037
nbend_all,42.172,-124.35821,155,30.239
nbend_all,42.17267,-124.35787,156,30.319
nbend_all,42.17302,-124.35778,157,30.358
nbend_all,42.17375,-124.35782,158,30.439
nbend_all,42.17585,-124.35857,159,30.681
nbend_all,42.17621,-124.35864,160,30.721
nbend_all,42.17657,-124.35864,161,30.761
nbend_all,42.17693,-124.35856,162,30.802
nbend_all,42.17833,-124.35805,163,30.963
nbend_all,42.17869,-124.35806,164,31.003
nbend_all,42.17904,-124.35814,165,31.043
nbend_all,42.17939,-124.35829,166,31.084
nbend_all,42.1797,-124.35852,167,31.123
nbend_all,42.18093,-124.35956,168,31.284
nbend_all,42.1816,-124.35992,169,31.364
nbend_all,42.18232,-124.36002,170,31.445
nbend_all,42.18377,-124.35998,171,31.606
nbend_all,42.18449,-124.36003,172,31.686
nbend_all,42.18484,-124.36012,173,31.726
nbend_all,42.18518,-124.36028,174,31.766
nbend_all,42.1855,-124.3605,175,31.806
nbend_all,42.18607,-124.3611,176,31.886
nbend_all,42.18751,-124.36328,177,32.127
nbend_all,42.18802,-124.36398,178,32.208
nbend_all,42.18857,-124.36462,179,32.289
nbend_all,42.18916,-124.36518,180,32.369
nbend_all,42.18979,-124.36565,181,32.449
nbend_all,42.19045,-124.36605,182,32.529
nbend_all,42.19416,-124.368,183,32.972
nbend_all,42.19526,-124.36867,184,33.106
nbend_all,42.19635,-124.36967,185,33.253
nbend_all,42.19927,-124.37329,186,33.694
nbend_all,42.19957,-124.37357,187,33.734
nbend_all,42.19989,-124.37379,188,33.774
nbend_all,42.20023,-124.37395,189,33.814
nbend_all,42.20059,-124.37405,190,33.855
nbend_all,42.20131,-124.37405,191,33.935
nbend_all,42.20166,-124.37396,192,33.975
nbend_all,42.2034,-124.37329,193,34.176
nbend_all,42.20411,-124.37307,194,34.257
nbend_all,42.20489,-124.37299,195,34.344
nbend_all,42.20624,-124.37309,196,34.494
nbend_all,42.20805,-124.37328,197,34.696
nbend_all,42.20884,-124.37346,198,34.785
nbend_all,42.20945,-124.37366,199,34.855
nbend_all,42.2097,-124.37379,200,34.885
nbend_all,42.21105,-124.37482,201,35.057
nbend_all,42.21173,-124.37516,202,35.138
nbend_all,42.21243,-124.37532,203,35.217
nbend_all,42.21316,-124.37528,204,35.298
nbend_all,42.21386,-124.37503,205,35.379
nbend_all,42.2147,-124.37444,206,35.484
nbend_all,42.21655,-124.37238,207,35.75
nbend_all,42.21698,-124.372,208,35.808
nbend_all,42.2174,-124.37177,209,35.858
nbend_all,42.21778,-124.37168,210,35.901
nbend_all,42.21852,-124.37158,211,35.984
nbend_all,42.21878,-124.3716,212,36.013
nbend_all,42.21948,-124.37194,213,36.095
nbend_all,42.21973,-124.37212,214,36.127
nbend_all,42.22006,-124.37241,215,36.171
nbend_all,42.22054,-124.37299,216,36.242
nbend_all,42.22096,-124.37393,217,36.333
nbend_all,42.22156,-124.37576,218,36.497
nbend_all,42.22183,-124.37646,219,36.562
nbend_all,42.22223,-124.37727,220,36.643
nbend_all,42.22271,-124.37799,221,36.722
nbend_all,42.22295,-124.37828,222,36.758
nbend_all,42.22386,-124.37918,223,36.884
nbend_all,42.22451,-124.37961,224,36.964
nbend_all,42.22652,-124.38072,225,37.205
nbend_all,42.22715,-124.38117,226,37.285
nbend_all,42.22745,-124.38146,227,37.326
nbend_all,42.22797,-124.38212,228,37.405
nbend_all,42.22917,-124.38394,229,37.606
nbend_all,42.22944,-124.38426,230,37.646
nbend_all,42.22974,-124.38452,231,37.685
nbend_all,42.23006,-124.38475,232,37.726
nbend_all,42.23074,-124.38508,233,37.806
nbend_all,42.23248,-124.38569,234,38.006
nbend_all,42.23314,-124.38611,235,38.087
nbend_all,42.23343,-124.38638,236,38.126
nbend_all,42.23394,-124.38706,237,38.206
nbend_all,42.23532,-124.39005,238,38.496
nbend_all,42.23573,-124.39075,239,38.569
nbend_all,42.23599,-124.39109,240,38.61
nbend_all,42.23657,-124.39167,241,38.69
nbend_all,42.23723,-124.39208,242,38.771
nbend_all,42.23793,-124.39233,243,38.851
nbend_all,42.23918,-124.39238,244,38.99
nbend_all,42.24733,-124.39159,245,39.899
nbend_all,42.24806,-124.3916,246,39.98
nbend_all,42.24877,-124.39173,247,40.06
nbend_all,42.24912,-124.39184,248,40.1
nbend_all,42.2498,-124.39216,249,40.18
nbend_all,42.25045,-124.39261,250,40.261
nbend_all,42.25075,-124.39288,251,40.301
nbend_all,42.25131,-124.39349,252,40.381
nbend_all,42.25312,-124.39586,253,40.661
nbend_all,42.25368,-124.39649,254,40.742
nbend_all,42.25426,-124.39705,255,40.822
nbend_all,42.25489,-124.39754,256,40.902
nbend_all,42.25554,-124.39795,257,40.982
nbend_all,42.25657,-124.39843,258,41.103
nbend_all,42.26296,-124.40013,259,41.827
nbend_all,42.27993,-124.40477,260,43.753
nbend_all,42.28112,-124.40499,261,43.886
nbend_all,42.28257,-124.40509,262,44.048
nbend_all,42.28764,-124.40489,263,44.612
nbend_all,42.28836,-124.4049,264,44.692
nbend_all,42.28944,-124.40508,265,44.813
nbend_all,42.29132,-124.40576,266,45.029
nbend_all,42.29361,-124.40673,267,45.296
nbend_all,42.29593,-124.40759,268,45.563
nbend_all,42.29804,-124.40845,269,45.809
nbend_all,42.29838,-124.40862,270,45.849
nbend_all,42.29904,-124.40906,271,45.931
nbend_all,42.30089,-124.41064,272,46.174
nbend_all,42.30122,-124.41085,273,46.215
nbend_all,42.30157,-124.41099,274,46.255
nbend_all,42.30193,-124.41106,275,46.296
nbend_all,42.30265,-124.41102,276,46.376
nbend_all,42.30301,-124.4109,277,46.417
nbend_all,42.30507,-124.40996,278,46.659
nbend_all,42.30542,-124.40985,279,46.699
nbend_all,42.30598,-124.40979,280,46.761
nbend_all,42.30649,-124.40986,281,46.818
nbend_all,42.30706,-124.4102,282,46.887
nbend_all,42.30742,-124.4105,283,46.934
nbend_all,42.30768,-124.41079,284,46.972
nbend_all,42.30797,-124.41122,285,47.02
nbend_all,42.30885,-124.4128,286,47.182
nbend_all,42.3091,-124.41315,287,47.222
nbend_all,42.3097,-124.4137,288,47.303
nbend_all,42.31038,-124.41403,289,47.383
nbend_all,42.31205,-124.41446,290,47.572
nbend_all,42.31302,-124.41481,291,47.684
nbend_all,42.31563,-124.41607,292,47.992
nbend_all,42.31617,-124.41625,293,48.054
nbend_all,42.31648,-124.4163,294,48.089
nbend_all,42.31681,-124.41632,295,48.125
nbend_all,42.31721,-124.41626,296,48.17
nbend_all,42.31785,-124.41602,297,48.244
nbend_all,42.3192,-124.41522,298,48.408
nbend_all,42.31993,-124.41499,299,48.491
nbend_all,42.32038,-124.415,300,48.541
nbend_all,42.32075,-124.41509,301,48.583
nbend_all,42.32104,-124.41519,302,48.616
nbend_all,42.32141,-124.41541,303,48.661
nbend_all,42.32305,-124.41645,304,48.863
nbend_all,42.32367,-124.41679,305,48.937
nbend_all,42.32432,-124.41738,306,49.024
nbend_all,42.32454,-124.41774,307,49.063
nbend_all,42.32473,-124.41816,308,49.103
nbend_all,42.3254,-124.4198,309,49.257
nbend_all,42.32589,-124.42051,310,49.337
nbend_all,42.32749,-124.42251,311,49.579
nbend_all,42.32778,-124.42281,312,49.62
nbend_all,42.3281,-124.42305,313,49.661
nbend_all,42.32844,-124.42323,314,49.701
nbend_all,42.32916,-124.42337,315,49.782
nbend_all,42.32953,-124.42336,316,49.823
nbend_all,42.33022,-124.42305,317,49.904
nbend_all,42.33083,-124.42251,318,49.985
nbend_all,42.3311,-124.42219,319,50.025
nbend_all,42.33293,-124.41981,320,50.307
nbend_all,42.33368,-124.41873,321,50.429
nbend_all,42.33413,-124.41797,322,50.509
nbend_all,42.33471,-124.41672,323,50.63
nbend_all,42.33569,-124.41408,324,50.873
nbend_all,42.33611,-124.41327,325,50.955
nbend_all,42.33637,-124.41291,326,50.996
nbend_all,42.33697,-124.41235,327,51.077
nbend_all,42.33766,-124.41202,328,51.158
nbend_all,42.33801,-124.41196,329,51.198
nbend_all,42.33837,-124.41196,330,51.238
nbend_all,42.33909,-124.41213,331,51.319
nbend_all,42.33942,-124.41229,332,51.358
nbend_all,42.34008,-124.41284,333,51.444
nbend_all,42.34058,-124.41355,334,51.525
nbend_all,42.3413,-124.41522,335,51.684
nbend_all,42.34178,-124.4162,336,51.78
nbend_all,42.34228,-124.41678,337,51.853
nbend_all,42.34291,-124.41724,338,51.933
nbend_all,42.34537,-124.41808,339,52.215
nbend_all,42.34609,-124.41814,340,52.295
nbend_all,42.34679,-124.41799,341,52.374
nbend_all,42.34713,-124.41783,342,52.414
nbend_all,42.34798,-124.41719,343,52.522
nbend_all,42.34882,-124.41632,344,52.64
nbend_all,42.35019,-124.41514,345,52.821
nbend_all,42.35083,-124.41468,346,52.901
nbend_all,42.35143,-124.41429,347,52.975
nbend_all,42.35286,-124.41357,348,53.145
nbend_all,42.35435,-124.41238,349,53.337
nbend_all,42.35471,-124.41224,350,53.379
nbend_all,42.35503,-124.41219,351,53.415
nbend_all,42.35567,-124.41235,352,53.487
nbend_all,42.35695,-124.41312,353,53.643
nbend_all,42.35762,-124.41331,354,53.719
nbend_all,42.35886,-124.41345,355,53.857
nbend_all,42.35964,-124.41377,356,53.948
nbend_all,42.3601,-124.41419,357,54.01
nbend_all,42.36092,-124.41524,358,54.135
nbend_all,42.36154,-124.41575,359,54.216
nbend_all,42.36222,-124.41608,360,54.296
nbend_all,42.36329,-124.41623,361,54.416
nbend_all,42.36364,-124.41631,362,54.455
nbend_all,42.36399,-124.41646,363,54.496
nbend_all,42.36462,-124.41693,364,54.576
nbend_all,42.36543,-124.41786,365,54.694
nbend_all,42.36573,-124.41813,366,54.734
nbend_all,42.36638,-124.41851,367,54.813
nbend_all,42.36986,-124.41961,368,55.21
nbend_all,42.3716,-124.42005,369,55.407
nbend_all,42.37268,-124.42017,370,55.528
nbend_all,42.37511,-124.42016,371,55.798
nbend_all,42.37584,-124.4202,372,55.879
nbend_all,42.37792,-124.42056,373,56.112
nbend_all,42.37933,-124.42095,374,56.272
nbend_all,42.38002,-124.42119,375,56.351
nbend_all,42.38476,-124.42318,376,56.903
nbend_all,42.38522,-124.42331,377,56.956
nbend_all,42.38595,-124.42337,378,57.037
nbend_all,42.38693,-124.42321,379,57.147
nbend_all,42.38846,-124.42278,380,57.32
nbend_all,42.39019,-124.42222,381,57.518
nbend_all,42.39097,-124.4221,382,57.605
nbend_all,42.39399,-124.42271,383,57.945
nbend_all,42.39496,-124.42278,384,58.053
nbend_all,42.409803,-124.420577,385,59.713
nbend_all,42.409854,-124.421105,386,59.757
nbend_all,42.409956,-124.421144,387,59.769
nbend_all,42.410261,-124.421098,388,59.803
nbend_all,42.410255,-124.420532,389,59.849
nbend_all,42.41171,-124.42055,390,60.011
nbend_all,42.41441,-124.42074,391,60.312
nbend_all,42.41499,-124.42069,392,60.377
nbend_all,42.41611,-124.42021,393,60.507
nbend_all,42.41883,-124.4187,394,60.834
nbend_all,42.42028,-124.41771,395,61.015
nbend_all,42.4218,-124.4168,396,61.199
nbend_all,42.42228,-124.41639,397,61.262
nbend_all,42.42266,-124.41596,398,61.317
nbend_all,42.42309,-124.41516,399,61.399
nbend_all,42.42352,-124.41402,400,61.504
nbend_all,42.4238,-124.4136,401,61.55
nbend_all,42.42412,-124.41337,402,61.591
nbend_all,42.42462,-124.41329,403,61.647
nbend_all,42.4292,-124.41324,404,62.156
nbend_all,42.42943,-124.41329,405,62.182
nbend_all,42.42979,-124.41354,406,62.227
nbend_all,42.43003,-124.41387,407,62.265
nbend_all,42.43017,-124.41423,408,62.298
nbend_all,42.43025,-124.41481,409,62.347
nbend_all,42.43034,-124.4182,410,62.625
nbend_all,42.43031,-124.41892,411,62.684
nbend_all,42.43021,-124.41947,412,62.731
nbend_all,42.42907,-124.42434,413,63.15
nbend_all,42.42889,-124.42527,414,63.229
nbend_all,42.42883,-124.42587,415,63.279
nbend_all,42.42883,-124.42646,416,63.327
nbend_all,42.42891,-124.42723,417,63.391
nbend_all,42.42908,-124.42798,418,63.455
nbend_all,42.42935,-124.42867,419,63.519
nbend_all,42.4297,-124.42931,420,63.585
nbend_all,42.43025,-124.42998,421,63.667
nbend_all,42.43063,-124.43031,422,63.717
nbend_all,42.43132,-124.43073,423,63.801
nbend_all,42.43177,-124.43086,424,63.852
nbend_all,42.43228,-124.43093,425,63.909
nbend_all,42.43306,-124.43077,426,63.997
nbend_all,42.43388,-124.43047,427,64.092
nbend_all,42.44755,-124.42432,428,65.693
nbend_all,42.45176,-124.42236,429,66.188
nbend_all,42.4562,-124.42037,430,66.708
nbend_all,42.45842,-124.41942,431,66.967
nbend_all,42.4597,-124.41902,432,67.113
nbend_all,42.46057,-124.41883,433,67.211
nbend_all,42.46163,-124.41869,434,67.329
nbend_all,42.46383,-124.41867,435,67.574
nbend_all,42.47127,-124.41842,436,68.402
nbend_all,42.47821,-124.41826,437,69.173
nbend_all,42.4797,-124.4182,438,69.339
nbend_all,42.48231,-124.41792,439,69.63
nbend_all,42.48486,-124.41729,440,69.919
nbend_all,42.48667,-124.41666,441,70.126
nbend_all,42.50303,-124.41007,442,72.024
nbend_all,42.50516,-124.40992,443,72.261
nbend_all,42.50712,-124.40994,444,72.479
nbend_all,42.50885,-124.41009,445,72.672
nbend_all,42.50896,-124.41002,446,72.685
nbend_all,42.50927,-124.41001,447,72.72
nbend_all,42.51021,-124.41022,448,72.826
nbend_all,42.51103,-124.41031,449,72.917
nbend_all,42.51168,-124.41031,450,72.99
nbend_all,42.51221,-124.41023,451,73.049
nbend_all,42.51292,-124.41001,452,73.13
nbend_all,42.51806,-124.40767,453,73.733
nbend_all,42.53313,-124.40062,454,75.505
nbend_all,42.53917,-124.39786,455,76.214
nbend_all,42.54031,-124.39742,456,76.346
nbend_all,42.54212,-124.39682,457,76.553
nbend_all,42.54925,-124.39504,458,77.359
nbend_all,42.55039,-124.39466,459,77.489
nbend_all,42.55102,-124.39439,460,77.563
nbend_all,42.55233,-124.39366,461,77.72
nbend_all,42.55359,-124.39271,462,77.881
nbend_all,42.56217,-124.38537,463,79.008
nbend_all,42.56281,-124.38494,464,79.088
nbend_all,42.56325,-124.38473,465,79.14
nbend_all,42.56367,-124.38461,466,79.187
nbend_all,42.56429,-124.38453,467,79.257
nbend_all,42.56465,-124.38455,468,79.297
nbend_all,42.56501,-124.38461,469,79.337
nbend_all,42.56571,-124.38486,470,79.417
nbend_all,42.57075,-124.38755,471,80.02
nbend_all,42.57137,-124.38782,472,80.092
nbend_all,42.57207,-124.38795,473,80.171
nbend_all,42.57351,-124.38793,474,80.331
nbend_all,42.57387,-124.38798,475,80.371
nbend_all,42.57421,-124.38814,476,80.411
nbend_all,42.57452,-124.38838,477,80.451
nbend_all,42.57567,-124.38956,478,80.611
nbend_all,42.57599,-124.38979,479,80.651
nbend_all,42.57634,-124.38992,480,80.692
nbend_all,42.57778,-124.39002,481,80.852
nbend_all,42.57848,-124.39027,482,80.932
nbend_all,42.5791,-124.39076,483,81.012
nbend_all,42.58023,-124.39197,484,81.172
nbend_all,42.58056,-124.39217,485,81.212
nbend_all,42.58091,-124.39228,486,81.252
nbend_all,42.58127,-124.39231,487,81.292
nbend_all,42.58199,-124.39226,488,81.373
nbend_all,42.58271,-124.3923,489,81.453
nbend_all,42.58334,-124.39251,490,81.525
nbend_all,42.58409,-124.3929,491,81.614
nbend_all,42.58479,-124.39311,492,81.694
nbend_all,42.58525,-124.39311,493,81.745
nbend_all,42.58674,-124.39274,494,81.913
nbend_all,42.58729,-124.39277,495,81.975
nbend_all,42.58764,-124.39288,496,82.015
nbend_all,42.58863,-124.39349,497,82.135
nbend_all,42.59067,-124.39451,498,82.377
nbend_all,42.59161,-124.39522,499,82.497
nbend_all,42.59214,-124.3959,500,82.578
nbend_all,42.59373,-124.39856,501,82.858
nbend_all,42.59421,-124.39897,502,82.921
nbend_all,42.59463,-124.39911,503,82.969
nbend_all,42.59507,-124.3991,504,83.018
nbend_all,42.59648,-124.39866,505,83.179
nbend_all,42.59684,-124.39859,506,83.22
nbend_all,42.59756,-124.39858,507,83.3
nbend_all,42.59936,-124.39878,508,83.501
nbend_all,42.59972,-124.39873,509,83.541
nbend_all,42.60007,-124.39861,510,83.581
nbend_all,42.60074,-124.39822,511,83.662
nbend_all,42.60146,-124.39767,512,83.754
nbend_all,42.60292,-124.39643,513,83.945
nbend_all,42.6036,-124.39574,514,84.04
nbend_all,42.60401,-124.39505,515,84.112
nbend_all,42.60466,-124.39341,516,84.265
nbend_all,42.60487,-124.39301,517,84.305
nbend_all,42.60511,-124.39265,518,84.345
nbend_all,42.6057,-124.39209,519,84.425
nbend_all,42.60603,-124.39191,520,84.464
nbend_all,42.60673,-124.39173,521,84.543
nbend_all,42.60994,-124.3916,522,84.901
nbend_all,42.61072,-124.3917,523,84.988
nbend_all,42.61141,-124.39197,524,85.067
nbend_all,42.61239,-124.39264,525,85.189
nbend_all,42.61339,-124.39383,526,85.337
nbend_all,42.61426,-124.39497,527,85.472
nbend_all,42.61484,-124.39563,528,85.556
nbend_all,42.61545,-124.39614,529,85.635
nbend_all,42.6161,-124.39652,530,85.714
nbend_all,42.6168,-124.39672,531,85.794
nbend_all,42.6186,-124.39679,532,85.994
nbend_all,42.6193,-124.39695,533,86.073
nbend_all,42.61997,-124.39731,534,86.153
nbend_all,42.62159,-124.39836,535,86.352
nbend_all,42.62227,-124.39865,536,86.432
nbend_all,42.62263,-124.39874,537,86.472
nbend_all,42.62334,-124.39879,538,86.551
nbend_all,42.62477,-124.39861,539,86.711
nbend_all,42.62513,-124.39865,540,86.751
nbend_all,42.62618,-124.39893,541,86.87
nbend_all,42.62654,-124.39895,542,86.91
nbend_all,42.6276,-124.39879,543,87.029
nbend_all,42.62834,-124.39879,544,87.111
nbend_all,42.62907,-124.39901,545,87.194
nbend_all,42.62974,-124.39943,546,87.276
nbend_all,42.63003,-124.3997,547,87.316
nbend_all,42.63035,-124.3999,548,87.355
nbend_all,42.63105,-124.40014,549,87.435
nbend_all,42.63141,-124.40016,550,87.475
nbend_all,42.63286,-124.40001,551,87.637
nbend_all,42.63322,-124.40007,552,87.677
nbend_all,42.63356,-124.40022,553,87.717
nbend_all,42.63388,-124.40046,554,87.757
nbend_all,42.63501,-124.40168,555,87.918
nbend_all,42.63533,-124.40192,556,87.959
nbend_all,42.63567,-124.40209,557,87.999
nbend_all,42.63744,-124.40272,558,88.202
nbend_all,42.63813,-124.40303,559,88.283
nbend_all,42.63974,-124.40405,560,88.481
nbend_all,42.6418,-124.40576,561,88.749
nbend_all,42.64251,-124.40645,562,88.846
nbend_all,42.64405,-124.40774,563,89.047
nbend_all,42.64495,-124.40856,564,89.168
nbend_all,42.64562,-124.40893,565,89.248
nbend_all,42.64597,-124.40899,566,89.287
nbend_all,42.64633,-124.40897,567,89.327
nbend_all,42.64774,-124.40856,568,89.488
nbend_all,42.64914,-124.40807,569,89.648
nbend_all,42.64986,-124.40789,570,89.73
nbend_all,42.65022,-124.40787,571,89.77
nbend_all,42.65058,-124.40793,572,89.81
nbend_all,42.65161,-124.4084,573,89.931
nbend_all,42.65464,-124.41002,574,90.293
nbend_all,42.65532,-124.41033,575,90.373
nbend_all,42.65602,-124.41049,576,90.452
nbend_all,42.65817,-124.41074,577,90.692
nbend_all,42.65928,-124.41107,578,90.818
nbend_all,42.66143,-124.41186,579,91.066
nbend_all,42.66226,-124.41229,580,91.164
nbend_all,42.66377,-124.41326,581,91.35
nbend_all,42.66498,-124.41424,582,91.507
nbend_all,42.66922,-124.41788,583,92.064
nbend_all,42.66989,-124.41841,584,92.15
nbend_all,42.67084,-124.41909,585,92.27
nbend_all,42.67184,-124.41961,586,92.389
nbend_all,42.67289,-124.41993,587,92.509
nbend_all,42.67406,-124.42009,588,92.639
nbend_all,42.68135,-124.41906,589,93.454
nbend_all,42.682,-124.41908,590,93.527
nbend_all,42.68233,-124.41916,591,93.564
nbend_all,42.68296,-124.41951,592,93.64
nbend_all,42.68356,-124.42008,593,93.721
nbend_all,42.68381,-124.42044,594,93.761
nbend_all,42.68413,-124.42124,595,93.836
nbend_all,42.68427,-124.42188,596,93.89
nbend_all,42.68432,-124.42244,597,93.936
nbend_all,42.68431,-124.42324,598,94.002
nbend_all,42.68403,-124.42609,599,94.237
nbend_all,42.68404,-124.42629,600,94.253
nbend_all,42.68414,-124.42666,601,94.286
nbend_all,42.68433,-124.42695,602,94.317
nbend_all,42.68458,-124.42715,603,94.35
nbend_all,42.68537,-124.42726,604,94.438
nbend_all,42.68573,-124.42738,605,94.479
nbend_all,42.68608,-124.42754,606,94.52
nbend_all,42.6864,-124.42776,607,94.56
nbend_all,42.68672,-124.42804,608,94.602
nbend_all,42.68747,-124.4291,609,94.723
nbend_all,42.68761,-124.42944,610,94.754
nbend_all,42.68762,-124.42964,611,94.771
nbend_all,42.68759,-124.42983,612,94.787
nbend_all,42.68735,-124.43044,613,94.843
nbend_all,42.68716,-124.43189,614,94.964
nbend_all,42.68719,-124.43238,615,95.004
nbend_all,42.68735,-124.43282,616,95.044
nbend_all,42.68824,-124.43396,617,95.18
nbend_all,42.68864,-124.43454,618,95.245
nbend_all,42.68885,-124.43493,619,95.284
nbend_all,42.68901,-124.43537,620,95.324
nbend_all,42.6891,-124.43584,621,95.364
nbend_all,42.68913,-124.43633,622,95.404
nbend_all,42.68909,-124.43681,623,95.444
nbend_all,42.689,-124.43728,624,95.484
nbend_all,42.68885,-124.43773,625,95.524
nbend_all,42.68807,-124.43937,626,95.684
nbend_all,42.6879,-124.43981,627,95.724
nbend_all,42.68689,-124.44349,628,96.045
nbend_all,42.68679,-124.44396,629,96.085
nbend_all,42.68672,-124.44493,630,96.165
nbend_all,42.68676,-124.44542,631,96.205
nbend_all,42.68687,-124.44591,632,96.247
nbend_all,42.68706,-124.44633,633,96.287
nbend_all,42.6873,-124.44669,634,96.327
nbend_all,42.6876,-124.44697,635,96.368
nbend_all,42.68793,-124.44716,636,96.407
nbend_all,42.68935,-124.44753,637,96.568
nbend_all,42.69041,-124.44788,638,96.69
nbend_all,42.69109,-124.44823,639,96.77
nbend_all,42.69139,-124.4485,640,96.81
nbend_all,42.69188,-124.44923,641,96.891
nbend_all,42.69321,-124.45214,642,97.171
nbend_all,42.69368,-124.45289,643,97.252
nbend_all,42.69398,-124.45316,644,97.292
nbend_all,42.69432,-124.45334,645,97.332
nbend_all,42.69467,-124.4534,646,97.372
nbend_all,42.69503,-124.45335,647,97.412
nbend_all,42.69538,-124.45321,648,97.452
nbend_all,42.69637,-124.45261,649,97.573
nbend_all,42.69672,-124.45251,650,97.613
nbend_all,42.69708,-124.45248,651,97.653
nbend_all,42.69744,-124.45256,652,97.693
nbend_all,42.69778,-124.45274,653,97.734
nbend_all,42.69809,-124.45299,654,97.774
nbend_all,42.69987,-124.45466,655,98.014
nbend_all,42.70048,-124.45518,656,98.094
nbend_all,42.70144,-124.45588,657,98.215
nbend_all,42.70243,-124.45648,658,98.336
nbend_all,42.70346,-124.45696,659,98.457
nbend_all,42.70417,-124.45721,660,98.539
nbend_all,42.70737,-124.45801,661,98.9
nbend_all,42.7091,-124.45865,662,99.1
nbend_all,42.71219,-124.46017,663,99.465
nbend_all,42.71348,-124.46092,664,99.621
nbend_all,42.71583,-124.46216,665,99.901
nbend_all,42.71747,-124.46327,666,100.105
nbend_all,42.71776,-124.46355,667,100.145
nbend_all,42.71805,-124.46399,668,100.193
nbend_all,42.71866,-124.46566,669,100.345
nbend_all,42.71888,-124.46604,670,100.385
nbend_all,42.71916,-124.46634,671,100.424
nbend_all,42.71948,-124.46655,672,100.464
nbend_all,42.72019,-124.46668,673,100.543
nbend_all,42.72192,-124.46641,674,100.737
nbend_all,42.72288,-124.4662,675,100.845
nbend_all,42.72359,-124.46617,676,100.924
nbend_all,42.72466,-124.46631,677,101.044
nbend_all,42.72531,-124.46656,678,101.119
nbend_all,42.72665,-124.46739,679,101.283
nbend_all,42.72827,-124.46848,680,101.483
nbend_all,42.72916,-124.46901,681,101.592
nbend_all,42.73512,-124.47296,682,102.329
nbend_all,42.73573,-124.47353,683,102.411
nbend_all,42.73616,-124.47408,684,102.476
nbend_all,42.73648,-124.47467,685,102.536
nbend_all,42.73679,-124.47552,686,102.614
nbend_all,42.73699,-124.47648,687,102.695
nbend_all,42.73739,-124.47988,688,102.977
nbend_all,42.73762,-124.48081,689,103.057
nbend_all,42.73793,-124.48168,690,103.136
nbend_all,42.73839,-124.48248,691,103.219
nbend_all,42.7389,-124.48316,692,103.298
nbend_all,42.73947,-124.48375,693,103.378
nbend_all,42.74007,-124.48428,694,103.457
nbend_all,42.74058,-124.48486,695,103.531
nbend_all,42.74087,-124.48527,696,103.578
nbend_all,42.74132,-124.48604,697,103.658
nbend_all,42.74169,-124.48688,698,103.738
nbend_all,42.74235,-124.48863,699,103.899
nbend_all,42.74292,-124.48998,700,104.026
nbend_all,42.7433,-124.49127,701,104.139
nbend_all,42.7434,-124.49184,702,104.187
nbend_all,42.74349,-124.49284,703,104.269
nbend_all,42.74351,-124.49476,704,104.426
nbend_all,42.74355,-124.49533,705,104.473
nbend_all,42.7436,-124.49554,706,104.491
nbend_all,42.74388,-124.49611,707,104.547
nbend_all,42.74486,-124.49742,708,104.7
nbend_all,42.74504,-124.49757,709,104.723
nbend_all,42.745403,-124.497683,710,104.765
nbend_all,42.750758,-124.497651,711,105.36
nbend_all,42.750761,-124.497917,712,105.382
nbend_all,42.750755,-124.497655,713,105.403
nbend_all,42.75616,-124.49763,714,106.004
nbend_all,42.75766,-124.49772,715,106.171
nbend_all,42.7605,-124.49762,716,106.487
nbend_all,42.76549,-124.49791,717,107.042
nbend_all,42.76657,-124.49789,718,107.162
nbend_all,42.76807,-124.49773,719,107.33
nbend_all,42.77215,-124.49709,720,107.786
nbend_all,42.77343,-124.49684,721,107.93
nbend_all,42.77446,-124.49639,722,108.05
nbend_all,42.78087,-124.49515,723,108.77
nbend_all,42.78386,-124.49472,724,109.105
nbend_all,42.78724,-124.49431,725,109.482
nbend_all,42.78808,-124.49412,726,109.577
nbend_all,42.78877,-124.49387,727,109.656
nbend_all,42.78944,-124.49354,728,109.735
nbend_all,42.79016,-124.49308,729,109.824
nbend_all,42.79068,-124.49267,730,109.891
nbend_all,42.79442,-124.48913,731,110.397
nbend_all,42.79584,-124.48773,732,110.592
nbend_all,42.79659,-124.48714,733,110.688
nbend_all,42.79713,-124.48683,734,110.753
nbend_all,42.79782,-124.48656,735,110.833
nbend_all,42.79853,-124.4864,736,110.913
nbend_all,42.80315,-124.48569,737,111.43
nbend_all,42.80379,-124.48557,738,111.502
nbend_all,42.8047,-124.48531,739,111.605
nbend_all,42.80984,-124.48268,740,112.216
nbend_all,42.81025,-124.48249,741,112.264
nbend_all,42.81095,-124.48226,742,112.344
nbend_all,42.81224,-124.48205,743,112.488
nbend_all,42.81281,-124.48205,744,112.552
nbend_all,42.81582,-124.48234,745,112.887
nbend_all,42.81966,-124.48279,746,113.316
nbend_all,42.82243,-124.48302,747,113.624
nbend_all,42.82673,-124.48301,748,114.103
nbend_all,42.82759,-124.48285,749,114.199
nbend_all,42.828,-124.48264,750,114.248
nbend_all,42.82838,-124.48236,751,114.296
nbend_all,42.83094,-124.4797,752,114.654
nbend_all,42.8313,-124.47938,753,114.702
nbend_all,42.83171,-124.47914,754,114.751
nbend_all,42.83936,-124.47746,755,115.613
nbend_all,42.84462,-124.47493,756,116.233
nbend_all,42.84636,-124.47434,757,116.432
nbend_all,42.85257,-124.47274,758,117.135
nbend_all,42.85384,-124.4723,759,117.281
nbend_all,42.85575,-124.47146,760,117.504
nbend_all,42.85707,-124.47094,761,117.657
nbend_all,42.85731,-124.4708,762,117.686
nbend_all,42.85932,-124.47021,763,117.914
nbend_all,42.86017,-124.46986,764,118.013
nbend_all,42.8607,-124.46953,765,118.078
nbend_all,42.86202,-124.46807,766,118.267
nbend_all,42.86273,-124.46742,767,118.362
nbend_all,42.86325,-124.46709,768,118.426
nbend_all,42.86413,-124.46673,769,118.528
nbend_all,42.86751,-124.46635,770,118.905
nbend_all,42.86811,-124.46639,771,118.972
nbend_all,42.86869,-124.46656,772,119.038
nbend_all,42.86897,-124.4667,773,119.071
nbend_all,42.86951,-124.46708,774,119.138
nbend_all,42.87015,-124.46766,775,119.224
nbend_all,42.8707,-124.46795,776,119.289
nbend_all,42.87522,-124.46861,777,119.795
nbend_all,42.87594,-124.4686,778,119.875
nbend_all,42.87836,-124.46809,779,120.147
nbend_all,42.87885,-124.46794,780,120.203
nbend_all,42.87925,-124.46772,781,120.251
nbend_all,42.87963,-124.4674,782,120.301
nbend_all,42.88052,-124.46638,783,120.43
nbend_all,42.88101,-124.46594,784,120.495
nbend_all,42.88394,-124.46373,785,120.867
nbend_all,42.88446,-124.46345,786,120.929
nbend_all,42.88488,-124.46333,787,120.977
nbend_all,42.88761,-124.46282,788,121.284
nbend_all,42.88999,-124.46221,789,121.553
nbend_all,42.89078,-124.46213,790,121.641
nbend_all,42.89238,-124.46212,791,121.819
nbend_all,42.89325,-124.46199,792,121.916
nbend_all,42.90948,-124.45647,793,123.776
nbend_all,42.91024,-124.45612,794,123.865
nbend_all,42.91078,-124.45579,795,123.931
nbend_all,42.9172,-124.45145,796,124.728
nbend_all,42.91787,-124.45108,797,124.808
nbend_all,42.91853,-124.45082,798,124.884
nbend_all,42.92328,-124.45002,799,125.417
nbend_all,42.93056,-124.44993,800,126.226
nbend_all,42.9316,-124.44978,801,126.342
nbend_all,42.93609,-124.44781,802,126.867
nbend_all,42.94721,-124.44275,803,128.17
nbend_all,42.95432,-124.43839,804,129.037
nbend_all,42.95479,-124.43797,805,129.099
nbend_all,42.95555,-124.4371,806,129.209
nbend_all,42.95934,-124.43453,807,129.68
nbend_all,42.95965,-124.43421,808,129.723
nbend_all,42.96093,-124.43259,809,129.917
nbend_all,42.96138,-124.43208,810,129.982
nbend_all,42.96351,-124.43036,811,130.257
nbend_all,42.96396,-124.43003,812,130.314
nbend_all,42.9645,-124.42973,813,130.379
nbend_all,42.97037,-124.42704,814,131.067
nbend_all,42.97242,-124.42615,815,131.306
nbend_all,42.97356,-124.42577,816,131.437
nbend_all,42.97472,-124.42546,817,131.568
nbend_all,42.97512,-124.42529,818,131.615
nbend_all,42.97747,-124.42379,819,131.903
nbend_all,42.97812,-124.42366,820,131.976
nbend_all,42.98136,-124.42343,821,132.337
nbend_all,42.98256,-124.42319,822,132.472
nbend_all,42.99368,-124.41878,823,133.759
nbend_all,43.00188,-124.4156,824,134.707
nbend_all,43.00231,-124.41555,825,134.755
nbend_all,43.00595,-124.41568,826,135.16
nbend_all,43.00743,-124.41542,827,135.326
nbend_all,43.00904,-124.41502,828,135.508
nbend_all,43.01006,-124.41496,829,135.621
nbend_all,43.01662,-124.4151,830,136.351
nbend_all,43.02311,-124.41531,831,137.073
nbend_all,43.03377,-124.41529,832,138.258
nbend_all,43.03434,-124.4154,833,138.322
nbend_all,43.03552,-124.41588,834,138.459
nbend_all,43.03617,-124.416,835,138.532
nbend_all,43.0366,-124.41593,836,138.58
nbend_all,43.03688,-124.41583,837,138.612
nbend_all,43.03836,-124.41512,838,138.787
nbend_all,43.03871,-124.415,839,138.827
nbend_all,43.04264,-124.41468,840,139.264
nbend_all,43.04486,-124.41473,841,139.511
nbend_all,43.04693,-124.41426,842,139.745
nbend_all,43.04764,-124.41431,843,139.824
nbend_all,43.048,-124.41439,844,139.864
nbend_all,43.0499,-124.41499,845,140.081
nbend_all,43.05062,-124.41514,846,140.162
nbend_all,43.05134,-124.41521,847,140.242
nbend_all,43.05378,-124.41524,848,140.514
nbend_all,43.07443,-124.41522,849,142.81
nbend_all,43.08745,-124.41514,850,144.258
nbend_all,43.09019,-124.41506,851,144.562
nbend_all,43.09391,-124.41509,852,144.976
nbend_all,43.10856,-124.41501,853,146.605
nbend_all,43.11423,-124.41503,854,147.236
nbend_all,43.11566,-124.41492,855,147.395
nbend_all,43.1165,-124.41461,856,147.492
nbend_all,43.11729,-124.41414,857,147.587
nbend_all,43.11762,-124.41379,858,147.634
nbend_all,43.11795,-124.41333,859,147.686
nbend_all,43.11846,-124.41252,860,147.773
nbend_all,43.11889,-124.41147,861,147.871
nbend_all,43.11907,-124.41086,862,147.924
nbend_all,43.1191,-124.40901,863,148.074
nbend_all,43.11906,-124.40262,864,148.593
nbend_all,43.119,-124.39988,865,148.815
nbend_all,43.11906,-124.39939,866,148.856
nbend_all,43.11914,-124.39917,867,148.876
nbend_all,43.119434,-124.398814,868,148.919
nbend_all,43.119816,-124.399462,869,148.987
nbend_all,43.12082,-124.399449,870,149.099
nbend_all,43.122056,-124.399299,871,149.236
nbend_all,43.122056,-124.398514,872,149.3
nbend_all,43.13058,-124.39817,873,150.248
nbend_all,43.13771,-124.39779,874,151.042
nbend_all,43.13858,-124.39767,875,151.139
nbend_all,43.13988,-124.39737,876,151.286
nbend_all,43.14148,-124.39675,877,151.471
nbend_all,43.14337,-124.39589,878,151.692
nbend_all,43.14395,-124.39569,879,151.759
nbend_all,43.1448,-124.39551,880,151.854
nbend_all,43.14548,-124.39546,881,151.93
nbend_all,43.14955,-124.39542,882,152.382
nbend_all,43.15175,-124.39546,883,152.627
nbend_all,43.15302,-124.39532,884,152.769
nbend_all,43.15429,-124.39495,885,152.913
nbend_all,43.15491,-124.39468,886,152.985
nbend_all,43.15571,-124.39423,887,153.082
nbend_all,43.15667,-124.39355,888,153.202
nbend_all,43.15757,-124.39273,889,153.322
nbend_all,43.15809,-124.39219,890,153.394
nbend_all,43.16193,-124.38739,891,153.972
nbend_all,43.16982,-124.37728,892,155.173
nbend_all,43.18784,-124.35439,893,157.904
nbend_all,43.19135,-124.34987,894,158.44
nbend_all,43.1924,-124.34841,895,158.606
nbend_all,43.1927,-124.34772,896,158.671
nbend_all,43.19282,-124.34737,897,158.703
nbend_all,43.1929,-124.34698,898,158.735
nbend_all,43.19292,-124.34613,899,158.804
nbend_all,43.19281,-124.34524,900,158.878
nbend_all,43.19259,-124.3444,901,158.95
nbend_all,43.19097,-124.34027,902,159.33
nbend_all,43.19079,-124.33956,903,159.391
nbend_all,43.19073,-124.33901,904,159.436
nbend_all,43.19074,-124.33846,905,159.481
nbend_all,43.19092,-124.33735,906,159.573
nbend_all,43.19211,-124.33415,907,159.864
nbend_all,43.1923,-124.33336,908,159.932
nbend_all,43.19243,-124.33235,909,160.015
nbend_all,43.19246,-124.33143,910,160.089
nbend_all,43.19236,-124.33002,911,160.204
nbend_all,43.19184,-124.32587,912,160.546
nbend_all,43.19177,-124.32486,913,160.628
nbend_all,43.19179,-124.32409,914,160.69
nbend_all,43.1919,-124.32299,915,160.78
nbend_all,43.19222,-124.32157,916,160.901
nbend_all,43.19276,-124.3201,917,161.034
nbend_all,43.1934,-124.31897,918,161.15
nbend_all,43.19393,-124.31823,919,161.234
nbend_all,43.19745,-124.31447,920,161.73
nbend_all,43.20379,-124.3078,921,162.619
nbend_all,43.2046,-124.307,922,162.73
nbend_all,43.20541,-124.30655,923,162.827
nbend_all,43.20641,-124.30632,924,162.94
nbend_all,43.20702,-124.30637,925,163.008
nbend_all,43.20938,-124.30683,926,163.273
nbend_all,43.21481,-124.30764,927,163.88
nbend_all,43.21542,-124.30762,928,163.948
nbend_all,43.21585,-124.30755,929,163.996
nbend_all,43.2169,-124.30722,930,164.116
nbend_all,43.2175,-124.3069,931,164.187
nbend_all,43.21807,-124.3065,932,164.259
nbend_all,43.2188,-124.30587,933,164.354
nbend_all,43.23495,-124.29089,934,166.522
nbend_all,43.23569,-124.29026,935,166.619
nbend_all,43.23647,-124.28974,936,166.715
nbend_all,43.23728,-124.28934,937,166.811
nbend_all,43.23834,-124.28901,938,166.932
nbend_all,43.2521,-124.28609,939,168.48
nbend_all,43.25317,-124.28582,940,168.601
nbend_all,43.25376,-124.28552,941,168.671
nbend_all,43.25395,-124.28538,942,168.695
nbend_all,43.25446,-124.28482,943,168.768
nbend_all,43.25474,-124.28436,944,168.816
nbend_all,43.25505,-124.28359,945,168.887
nbend_all,43.25521,-124.28273,946,168.959
nbend_all,43.25523,-124.28214,947,169.007
nbend_all,43.25518,-124.28155,948,169.055
nbend_all,43.25468,-124.27895,949,169.273
nbend_all,43.25457,-124.27807,950,169.345
nbend_all,43.25454,-124.27748,951,169.393
nbend_all,43.25459,-124.27629,952,169.49
nbend_all,43.25467,-124.27571,953,169.537
nbend_all,43.25483,-124.27493,954,169.603
nbend_all,43.25499,-124.27439,955,169.65
nbend_all,43.25529,-124.27361,956,169.722
nbend_all,43.25553,-124.27312,957,169.77
nbend_all,43.25658,-124.27141,958,169.951
nbend_all,43.25777,-124.26989,959,170.131
nbend_all,43.25915,-124.26849,960,170.322
nbend_all,43.25969,-124.268,961,170.394
nbend_all,43.26063,-124.26727,962,170.514
nbend_all,43.26603,-124.26357,963,171.185
nbend_all,43.2672,-124.26281,964,171.329
nbend_all,43.26881,-124.262,965,171.52
nbend_all,43.26985,-124.26161,966,171.64
nbend_all,43.28171,-124.25847,967,172.983
nbend_all,43.28254,-124.25821,968,173.077
nbend_all,43.28326,-124.25789,969,173.162
nbend_all,43.28416,-124.2572,970,173.276
nbend_all,43.2848,-124.25658,971,173.363
nbend_all,43.2855,-124.25552,972,173.479
nbend_all,43.28592,-124.25472,973,173.559
nbend_all,43.28638,-124.2537,974,173.656
nbend_all,43.28662,-124.25287,975,173.728
nbend_all,43.28951,-124.24065,976,174.768
nbend_all,43.28975,-124.23947,977,174.868
nbend_all,43.29096,-124.23424,978,175.312
nbend_all,43.29112,-124.23323,979,175.395
nbend_all,43.29112,-124.23191,980,175.502
nbend_all,43.29099,-124.23121,981,175.561
nbend_all,43.29082,-124.23048,982,175.623
nbend_all,43.28938,-124.2256,983,176.049
nbend_all,43.28905,-124.22424,984,176.165
nbend_all,43.289,-124.22342,985,176.232
nbend_all,43.28905,-124.22279,986,176.283
nbend_all,43.28909,-124.22251,987,176.306
nbend_all,43.2893,-124.22188,988,176.362
nbend_all,43.28931,-124.22171,989,176.376
nbend_all,43.28945,-124.22129,990,176.413
nbend_all,43.28971,-124.2209,991,176.456
nbend_all,43.29036,-124.2204,992,176.539
nbend_all,43.29162,-124.21971,993,176.69
nbend_all,43.29297,-124.21851,994,176.868
nbend_all,43.29305,-124.2183,995,176.888
nbend_all,43.29473,-124.21715,996,177.096
nbend_all,43.29541,-124.21652,997,177.188
nbend_all,43.29854,-124.21278,998,177.649
nbend_all,43.29878,-124.21255,999,177.681
nbend_all,43.29916,-124.21227,1000,177.729
nbend_all,43.29957,-124.21208,1001,177.777
nbend_all,43.30176,-124.21139,1002,178.027
nbend_all,43.30241,-124.21126,1003,178.1
nbend_all,43.30277,-124.21127,1004,178.14
nbend_all,43.30448,-124.2116,1005,178.332
nbend_all,43.30549,-124.21174,1006,178.445
nbend_all,43.30606,-124.21167,1007,178.509
nbend_all,43.30659,-124.21148,1008,178.57
nbend_all,43.3067,-124.21151,1009,178.582
nbend_all,43.30775,-124.21094,1010,178.708
nbend_all,43.31147,-124.20852,1011,179.165
nbend_all,43.31243,-124.20809,1012,179.278
nbend_all,43.31552,-124.20707,1013,179.631
nbend_all,43.32239,-124.20587,1014,180.401
nbend_all,43.32282,-124.20587,1015,180.449
nbend_all,43.32341,-124.20602,1016,180.516
nbend_all,43.32358,-124.20598,1017,180.535
nbend_all,43.32454,-124.20626,1018,180.644
nbend_all,43.3251,-124.2062,1019,180.706
nbend_all,43.32536,-124.20608,1020,180.737
nbend_all,43.32577,-124.20578,1021,180.789
nbend_all,43.32614,-124.20531,1022,180.845
nbend_all,43.32648,-124.20461,1023,180.913
nbend_all,43.32692,-124.20337,1024,181.024
nbend_all,43.32717,-124.20289,1025,181.072
nbend_all,43.32747,-124.20246,1026,181.12
nbend_all,43.32805,-124.20187,1027,181.2
nbend_all,43.32857,-124.20151,1028,181.265
nbend_all,43.32905,-124.20127,1029,181.322
nbend_all,43.33012,-124.20086,1030,181.445
nbend_all,43.33025,-124.2009,1031,181.46
nbend_all,43.33784,-124.19789,1032,182.339
nbend_all,43.33801,-124.19786,1033,182.358
nbend_all,43.33869,-124.19794,1034,182.434
nbend_all,43.33958,-124.19843,1035,182.54
nbend_all,43.33966,-124.1984,1036,182.549
nbend_all,43.34016,-124.19855,1037,182.606
nbend_all,43.34083,-124.19857,1038,182.681
nbend_all,43.34196,-124.19845,1039,182.807
nbend_all,43.34233,-124.19835,1040,182.849
nbend_all,43.34371,-124.1977,1041,183.011
nbend_all,43.34399,-124.19761,1042,183.043
nbend_all,43.34431,-124.19758,1043,183.079
nbend_all,43.34452,-124.19767,1044,183.103
nbend_all,43.34778,-124.19776,1045,183.466
nbend_all,43.34831,-124.19781,1046,183.525
nbend_all,43.34889,-124.19794,1047,183.59
nbend_all,43.35301,-124.19966,1048,184.069
nbend_all,43.35354,-124.19996,1049,184.133
nbend_all,43.35427,-124.20056,1050,184.227
nbend_all,43.35466,-124.20104,1051,184.285
nbend_all,43.35508,-124.20166,1052,184.354
nbend_all,43.35537,-124.20235,1053,184.418
nbend_all,43.35547,-124.20246,1054,184.433
nbend_all,43.35566,-124.20289,1055,184.473
nbend_all,43.3559,-124.20386,1056,184.556
nbend_all,43.35591,-124.2044,1057,184.6
nbend_all,43.35589,-124.2047,1058,184.624
nbend_all,43.35583,-124.20479,1059,184.634
nbend_all,43.35582,-124.20511,1060,184.66
nbend_all,43.35581,-124.20614,1061,184.743
nbend_all,43.35585,-124.20719,1062,184.828
nbend_all,43.3562,-124.21111,1063,185.147
nbend_all,43.35632,-124.21156,1064,185.186
nbend_all,43.35676,-124.21211,1065,185.252
nbend_all,43.35687,-124.21217,1066,185.265
nbend_all,43.35726,-124.21224,1067,185.309
nbend_all,43.35795,-124.21219,1068,185.386
nbend_all,43.357929,-124.210648,1069,185.511
nbend_all,43.357753,-124.210658,1070,185.53
nbend_all,43.357929,-124.210657,1071,185.55
nbend_all,43.357929,-124.210648,1072,185.551
nbend_all,43.35795,-124.21219,1073,185.675
nbend_all,43.36247,-124.21219,1074,186.178
nbend_all,43.36324,-124.21246,1075,186.266
nbend_all,43.36412,-124.21266,1076,186.365
nbend_all,43.36583,-124.21259,1077,186.556
nbend_all,43.36744,-124.21252,1078,186.735
nbend_all,43.368642,-124.212259,1079,186.87
nbend_all,43.368634,-124.214087,1080,187.018
nbend_all,43.369036,-124.21369,1081,187.073
nbend_all,43.369342,-124.21357,1082,187.108
nbend_all,43.369342,-124.212175,1083,187.221
nbend_all,43.37039,-124.21207,1084,187.338
nbend_all,43.37089,-124.21211,1085,187.394
nbend_all,43.37207,-124.21246,1086,187.528
nbend_all,43.37439,-124.21249,1087,187.786
nbend_all,43.37488,-124.21259,1088,187.841
nbend_all,43.3752,-124.21283,1089,187.881
nbend_all,43.37536,-124.21301,1090,187.904
nbend_all,43.37801,-124.2165,1091,188.312
nbend_all,43.37836,-124.21693,1092,188.364
nbend_all,43.37875,-124.21729,1093,188.417
nbend_all,43.38202,-124.21979,1094,188.833
nbend_all,43.38422,-124.22085,1095,189.092
nbend_all,43.38509,-124.22122,1096,189.193
nbend_all,43.38549,-124.22129,1097,189.238
nbend_all,43.38588,-124.22128,1098,189.281
nbend_all,43.38761,-124.22073,1099,189.479
nbend_all,43.38845,-124.22053,1100,189.574
nbend_all,43.39067,-124.22022,1101,189.822
nbend_all,43.3936,-124.21953,1102,190.152
nbend_all,43.39435,-124.21952,1103,190.236
nbend_all,43.39507,-124.21966,1104,190.316
nbend_all,43.40187,-124.22182,1105,191.092
nbend_all,43.40253,-124.22199,1106,191.167
nbend_all,43.4036,-124.22213,1107,191.287
nbend_all,43.40394,-124.2223,1108,191.327
nbend_all,43.40454,-124.22283,1109,191.406
nbend_all,43.40468,-124.2229,1110,191.423
nbend_all,43.40531,-124.22297,1111,191.493
nbend_all,43.4066,-124.22297,1112,191.636
nbend_all,43.406593,-124.23653,1113,192.732
nbend_all,43.404519,-124.236515,1114,192.962
nbend_all,43.403897,-124.23653,1115,193.032
nbend_all,43.40388,-124.23929,1116,193.255
nbend_all,43.39542,-124.23932,1117,194.195
nbend_all,43.39158,-124.23926,1118,194.622
nbend_all,43.39155,-124.24444,1119,195.041
nbend_all,43.39167,-124.251,1120,195.571
nbend_all,43.391673,-124.251629,1121,195.622
nbend_all,43.392443,-124.251568,1122,195.708
nbend_all,43.392866,-124.251329,1123,195.759
nbend_all,43.393701,-124.251313,1124,195.851
nbend_all,43.393746,-124.25276,1125,195.968
nbend_all,43.393507,-124.25294,1126,195.999
nbend_all,43.39342,-124.253059,1127,196.012
nbend_all,43.393356,-124.253268,1128,196.031
nbend_all,43.393345,-124.253477,1129,196.048
nbend_all,43.393399,-124.253641,1130,196.062
smith_all,43.3934,-124.25361,1,0
smith_all,43.39336,-124.25331,2,0.025
smith_all,43.39341,-124.25311,3,0.042
smith_all,43.39351,-124.25293,4,0.06
smith_all,43.39374,-124.25281,5,0.087
smith_all,43.39366,-124.24975,6,0.335
smith_all,43.39343,-124.24969,7,0.361
smith_all,43.39285,-124.24929,8,0.433
smith_all,43.39271,-124.24924,9,0.449
smith_all,43.39151,-124.24926,10,0.582
smith_all,43.39144,-124.24409,11,1
smith_all,43.39147,-124.23925,12,1.391
smith_all,43.39542,-124.23932,13,1.831
smith_all,43.40388,-124.23929,14,2.771
smith_all,43.405149,-124.239285,15,2.912
smith_all,43.405151,-124.23654,16,3.134
smith_all,43.404519,-124.236529,17,3.205
smith_all,43.403892,-124.236524,18,3.274
smith_all,43.403877,-124.237919,19,3.387
smith_all,43.406575,-124.23789,20,3.687
smith_all,43.4066,-124.22404,21,4.806
smith_all,43.40529,-124.22406,22,4.951
smith_all,43.40483,-124.2236,23,5.015
smith_all,43.40413,-124.22261,24,5.126
smith_all,43.40394,-124.22241,25,5.153
smith_all,43.40368,-124.22227,26,5.184
smith_all,43.40227,-124.22208,27,5.341
smith_all,43.40096,-124.22171,28,5.49
smith_all,43.39893,-124.22101,29,5.723
smith_all,43.39506,-124.21981,30,6.164
smith_all,43.39435,-124.21967,31,6.244
smith_all,43.39361,-124.21967,32,6.326
smith_all,43.39068,-124.22035,33,6.656
smith_all,43.38846,-124.22066,34,6.905
smith_all,43.38706,-124.22103,35,7.063
smith_all,43.38625,-124.22132,36,7.156
smith_all,43.38589,-124.2214,37,7.197
smith_all,43.38545,-124.2214,38,7.246
smith_all,43.38493,-124.2213,39,7.304
smith_all,43.38198,-124.21992,40,7.65
smith_all,43.3787,-124.21741,41,8.068
smith_all,43.37805,-124.21676,42,8.157
smith_all,43.37599,-124.21406,43,8.474
smith_all,43.37526,-124.21334,44,8.573
smith_all,43.37495,-124.21317,45,8.611
smith_all,43.37441,-124.21306,46,8.671
smith_all,43.36935,-124.2131,47,9.234
smith_all,43.369347,-124.213698,48,9.282
smith_all,43.369238,-124.213682,49,9.294
smith_all,43.369042,-124.213682,50,9.316
smith_all,43.368918,-124.213743,51,9.331
smith_all,43.368911,-124.214093,52,9.359
smith_all,43.368638,-124.214087,53,9.389
smith_all,43.36863,-124.21313,54,9.467
smith_all,43.36472,-124.21323,55,9.902
smith_all,43.36384,-124.2132,56,10
smith_all,43.35957,-124.21326,57,10.474
smith_all,43.357963,-124.21315,58,10.653
smith_all,43.35796,-124.210647,59,10.856
smith_all,43.357704,-124.210659,60,10.884
smith_all,43.35796,-124.210647,61,10.913
smith_all,43.357947,-124.213161,62,11.116
smith_all,43.35739,-124.21299,63,11.179
smith_all,43.35703,-124.21277,64,11.223
smith_all,43.3568,-124.21257,65,11.253
smith_all,43.35645,-124.21204,66,11.311
smith_all,43.35632,-124.21156,67,11.353
smith_all,43.3562,-124.21111,68,11.391
smith_all,43.35585,-124.20719,69,11.711
smith_all,43.35581,-124.20614,70,11.796
smith_all,43.35583,-124.20479,71,11.905
smith_all,43.35579,-124.20467,72,11.916
smith_all,43.35576,-124.2041,73,11.962
smith_all,43.35539,-124.20256,74,12.093
smith_all,43.35537,-124.20235,75,12.11
smith_all,43.35524,-124.202,76,12.142
smith_all,43.35508,-124.20166,77,12.175
smith_all,43.35449,-124.20081,78,12.27
smith_all,43.35391,-124.20023,79,12.349
smith_all,43.35321,-124.19976,80,12.436
smith_all,43.35014,-124.19843,81,12.794
smith_all,43.34889,-124.19794,82,12.938
smith_all,43.34831,-124.19781,83,13.004
smith_all,43.34778,-124.19776,84,13.063
smith_all,43.34487,-124.19765,85,13.387
smith_all,43.34452,-124.19767,86,13.425
smith_all,43.34433,-124.19777,87,13.448
smith_all,43.34398,-124.19784,88,13.487
smith_all,43.3423,-124.19855,89,13.683
smith_all,43.3414,-124.19873,90,13.784
smith_all,43.34064,-124.1988,91,13.869
smith_all,43.3403,-124.19877,92,13.907
smith_all,43.33969,-124.1986,93,13.976
smith_all,43.33958,-124.19843,94,13.994
smith_all,43.33869,-124.19794,95,14.101
smith_all,43.33801,-124.19786,96,14.177
smith_all,43.33784,-124.19789,97,14.196
smith_all,43.33025,-124.2009,98,15.074
smith_all,43.33013,-124.20104,99,15.092
smith_all,43.32863,-124.20165,100,15.266
smith_all,43.32798,-124.20217,101,15.349
smith_all,43.32745,-124.20281,102,15.428
smith_all,43.32718,-124.20326,103,15.475
smith_all,43.32646,-124.20504,104,15.64
smith_all,43.32612,-124.20564,105,15.701
smith_all,43.32569,-124.20609,106,15.761
smith_all,43.32536,-124.2063,107,15.802
smith_all,43.32508,-124.20641,108,15.834
smith_all,43.3248,-124.20647,109,15.866
smith_all,43.32437,-124.20643,110,15.913
smith_all,43.32352,-124.20615,111,16.011
smith_all,43.32341,-124.20602,112,16.027
smith_all,43.32326,-124.20596,113,16.044
smith_all,43.32282,-124.20587,114,16.094
smith_all,43.32239,-124.20587,115,16.141
smith_all,43.31552,-124.20707,116,16.911
smith_all,43.31243,-124.20809,117,17.265
smith_all,43.31147,-124.20852,118,17.377
smith_all,43.30733,-124.2112,119,17.886
smith_all,43.3067,-124.21151,120,17.96
smith_all,43.30665,-124.21161,121,17.97
smith_all,43.30612,-124.21182,122,18.032
smith_all,43.30569,-124.21193,123,18.08
smith_all,43.30526,-124.21196,124,18.128
smith_all,43.303,-124.21163,125,18.381
smith_all,43.3024,-124.21159,126,18.448
smith_all,43.30189,-124.21162,127,18.504
smith_all,43.29973,-124.21224,128,18.75
smith_all,43.29932,-124.21243,129,18.798
smith_all,43.29894,-124.21268,130,18.845
smith_all,43.29858,-124.21301,131,18.893
smith_all,43.29592,-124.21619,132,19.285
smith_all,43.29416,-124.21852,133,19.557
smith_all,43.2937,-124.21901,134,19.621
smith_all,43.29341,-124.21926,135,19.659
smith_all,43.29046,-124.22078,136,20.01
smith_all,43.28991,-124.22112,137,20.077
smith_all,43.28961,-124.22143,138,20.119
smith_all,43.2893,-124.22188,139,20.169
smith_all,43.28918,-124.22219,140,20.197
smith_all,43.28909,-124.22251,141,20.225
smith_all,43.28901,-124.22318,142,20.28
smith_all,43.28901,-124.22383,143,20.332
smith_all,43.28905,-124.22424,144,20.366
smith_all,43.28938,-124.2256,145,20.482
smith_all,43.29082,-124.23048,146,20.908
smith_all,43.29099,-124.23121,147,20.97
smith_all,43.29112,-124.23191,148,21.029
smith_all,43.29112,-124.23323,149,21.135
smith_all,43.29096,-124.23424,150,21.219
smith_all,43.28975,-124.23947,151,21.663
smith_all,43.28951,-124.24065,152,21.762
smith_all,43.28662,-124.25287,153,22.802
smith_all,43.28638,-124.2537,154,22.875
smith_all,43.28592,-124.25472,155,22.972
smith_all,43.2855,-124.25552,156,23.052
smith_all,43.2848,-124.25658,157,23.168
smith_all,43.28416,-124.2572,158,23.255
smith_all,43.28326,-124.25789,159,23.369
smith_all,43.28254,-124.25821,160,23.453
smith_all,43.28171,-124.25847,161,23.548
smith_all,43.26985,-124.26161,162,24.891
smith_all,43.26881,-124.262,163,25.011
smith_all,43.2672,-124.26281,164,25.202
smith_all,43.26603,-124.26357,165,25.346
smith_all,43.26063,-124.26727,166,26.017
smith_all,43.25969,-124.268,167,26.137
smith_all,43.25915,-124.26849,168,26.209
smith_all,43.25777,-124.26989,169,26.399
smith_all,43.25658,-124.27141,170,26.58
smith_all,43.25553,-124.27312,171,26.761
smith_all,43.25529,-124.27361,172,26.809
smith_all,43.25499,-124.27439,173,26.881
smith_all,43.25483,-124.27493,174,26.928
smith_all,43.25467,-124.27571,175,26.993
smith_all,43.25459,-124.27629,176,27.041
smith_all,43.25454,-124.27748,177,27.138
smith_all,43.25457,-124.27807,178,27.186
smith_all,43.25468,-124.27895,179,27.258
smith_all,43.25518,-124.28155,180,27.476
smith_all,43.25523,-124.28214,181,27.524
smith_all,43.25521,-124.28273,182,27.572
smith_all,43.25505,-124.28359,183,27.644
smith_all,43.25474,-124.28436,184,27.715
smith_all,43.25446,-124.28482,185,27.763
smith_all,43.25395,-124.28538,186,27.836
smith_all,43.25376,-124.28552,187,27.86
smith_all,43.25317,-124.28582,188,27.93
smith_all,43.2521,-124.28609,189,28.051
smith_all,43.23834,-124.28901,190,29.599
smith_all,43.23728,-124.28934,191,29.72
smith_all,43.23647,-124.28974,192,29.816
smith_all,43.23569,-124.29026,193,29.912
smith_all,43.23495,-124.29089,194,30.009
smith_all,43.2188,-124.30587,195,32.176
smith_all,43.21807,-124.3065,196,32.272
smith_all,43.2175,-124.3069,197,32.343
smith_all,43.2169,-124.30722,198,32.415
smith_all,43.21585,-124.30755,199,32.535
smith_all,43.21542,-124.30762,200,32.583
smith_all,43.21481,-124.30764,201,32.651
smith_all,43.20938,-124.30683,202,33.258
smith_all,43.20702,-124.30637,203,33.523
smith_all,43.20641,-124.30632,204,33.591
smith_all,43.20541,-124.30655,205,33.704
smith_all,43.2046,-124.307,206,33.801
smith_all,43.20379,-124.3078,207,33.912
smith_all,43.19745,-124.31447,208,34.8
smith_all,43.19393,-124.31823,209,35.297
smith_all,43.1934,-124.31897,210,35.381
smith_all,43.19276,-124.3201,211,35.497
smith_all,43.19222,-124.32157,212,35.63
smith_all,43.1919,-124.32299,213,35.751
smith_all,43.19179,-124.32409,214,35.841
smith_all,43.19177,-124.32486,215,35.903
smith_all,43.19184,-124.32587,216,35.985
smith_all,43.19236,-124.33002,217,36.327
smith_all,43.19246,-124.33143,218,36.442
smith_all,43.19243,-124.33235,219,36.516
smith_all,43.1923,-124.33336,220,36.599
smith_all,43.19211,-124.33415,221,36.667
smith_all,43.19092,-124.33735,222,36.958
smith_all,43.19074,-124.33846,223,37.05
smith_all,43.19073,-124.33901,224,37.095
smith_all,43.19079,-124.33956,225,37.14
smith_all,43.19097,-124.34027,226,37.201
smith_all,43.19259,-124.3444,227,37.581
smith_all,43.19281,-124.34524,228,37.653
smith_all,43.19292,-124.34613,229,37.727
smith_all,43.1929,-124.34698,230,37.795
smith_all,43.19282,-124.34737,231,37.828
smith_all,43.1927,-124.34772,232,37.86
smith_all,43.1924,-124.34841,233,37.925
smith_all,43.19135,-124.34987,234,38.091
smith_all,43.18784,-124.35439,235,38.626
smith_all,43.16982,-124.37728,236,41.358
smith_all,43.16193,-124.38739,237,42.559
smith_all,43.15809,-124.39219,238,43.136
smith_all,43.15757,-124.39273,239,43.209
smith_all,43.15667,-124.39355,240,43.329
smith_all,43.15571,-124.39423,241,43.449
smith_all,43.15491,-124.39468,242,43.545
smith_all,43.15429,-124.39495,243,43.618
smith_all,43.15302,-124.39532,244,43.762
smith_all,43.15175,-124.39546,245,43.904
smith_all,43.14955,-124.39542,246,44.148
smith_all,43.14548,-124.39546,247,44.601
smith_all,43.1448,-124.39551,248,44.677
smith_all,43.14395,-124.39569,249,44.772
smith_all,43.14337,-124.39589,250,44.839
smith_all,43.14148,-124.39675,251,45.06
smith_all,43.13988,-124.39737,252,45.245
smith_all,43.13858,-124.39767,253,45.392
smith_all,43.13771,-124.39779,254,45.489
smith_all,43.13058,-124.39817,255,46.282
smith_all,43.122041,-124.3985,256,47.232
smith_all,43.122041,-124.399145,257,47.285
smith_all,43.12085,-124.399467,258,47.42
smith_all,43.120051,-124.399394,259,47.509
smith_all,43.119711,-124.399412,260,47.546
smith_all,43.119437,-124.398856,261,47.601
smith_all,43.11914,-124.39917,262,47.643
smith_all,43.11906,-124.39939,263,47.663
smith_all,43.119,-124.39988,264,47.703
smith_all,43.11906,-124.40262,265,47.925
smith_all,43.1191,-124.40901,266,48.444
smith_all,43.11907,-124.41086,267,48.594
smith_all,43.11889,-124.41147,268,48.648
smith_all,43.11846,-124.41252,269,48.745
smith_all,43.11795,-124.41333,270,48.832
smith_all,43.11762,-124.41379,271,48.885
smith_all,43.11729,-124.41414,272,48.931
smith_all,43.1165,-124.41461,273,49.027
smith_all,43.11566,-124.41492,274,49.123
smith_all,43.11423,-124.41503,275,49.283
smith_all,43.10856,-124.41501,276,49.913
smith_all,43.09391,-124.41509,277,51.542
smith_all,43.09019,-124.41506,278,51.956
smith_all,43.08745,-124.41514,279,52.261
smith_all,43.07443,-124.41522,280,53.708
smith_all,43.05378,-124.41524,281,56.005
smith_all,43.05134,-124.41521,282,56.276
smith_all,43.05062,-124.41514,283,56.356
smith_all,43.0499,-124.41499,284,56.437
smith_all,43.048,-124.41439,285,56.654
smith_all,43.04764,-124.41431,286,56.695
smith_all,43.04693,-124.41426,287,56.774
smith_all,43.04486,-124.41473,288,57.007
smith_all,43.04264,-124.41468,289,57.254
smith_all,43.03871,-124.415,290,57.692
smith_all,43.03836,-124.41512,291,57.732
smith_all,43.03688,-124.41583,292,57.906
smith_all,43.0366,-124.41593,293,57.938
smith_all,43.03617,-124.416,294,57.986
smith_all,43.03552,-124.41588,295,58.059
smith_all,43.03434,-124.4154,296,58.196
smith_all,43.03377,-124.41529,297,58.26
smith_all,43.02311,-124.41531,298,59.446
smith_all,43.01662,-124.4151,299,60.167
smith_all,43.01006,-124.41496,300,60.897
smith_all,43.00904,-124.41502,301,61.01
smith_all,43.00743,-124.41542,302,61.192
smith_all,43.00595,-124.41568,303,61.358
smith_all,43.00231,-124.41555,304,61.763
smith_all,43.00188,-124.4156,305,61.811
smith_all,42.99368,-124.41878,306,62.759
smith_all,42.98256,-124.42319,307,64.046
smith_all,42.98136,-124.42343,308,64.181
smith_all,42.97812,-124.42366,309,64.542
smith_all,42.97747,-124.42379,310,64.615
smith_all,42.97512,-124.42529,311,64.904
smith_all,42.97472,-124.42546,312,64.95
smith_all,42.97356,-124.42577,313,65.082
smith_all,42.97242,-124.42615,314,65.212
smith_all,42.97037,-124.42704,315,65.451
smith_all,42.9645,-124.42973,316,66.14
smith_all,42.96396,-124.43003,317,66.204
smith_all,42.96351,-124.43036,318,66.261
smith_all,42.96138,-124.43208,319,66.536
smith_all,42.96093,-124.43259,320,66.601
smith_all,42.95965,-124.43421,321,66.795
smith_all,42.95934,-124.43453,322,66.839
smith_all,42.95555,-124.4371,323,67.309
smith_all,42.95479,-124.43797,324,67.419
smith_all,42.95432,-124.43839,325,67.482
smith_all,42.94721,-124.44275,326,68.348
smith_all,42.93609,-124.44781,327,69.652
smith_all,42.9316,-124.44978,328,70.176
smith_all,42.93056,-124.44993,329,70.292
smith_all,42.92328,-124.45002,330,71.102
smith_all,42.91853,-124.45082,331,71.634
smith_all,42.91787,-124.45108,332,71.71
smith_all,42.9172,-124.45145,333,71.791
smith_all,42.91078,-124.45579,334,72.587
smith_all,42.91024,-124.45612,335,72.653
smith_all,42.90948,-124.45647,336,72.742
smith_all,42.89325,-124.46199,337,74.602
smith_all,42.89238,-124.46212,338,74.699
smith_all,42.89078,-124.46213,339,74.877
smith_all,42.88999,-124.46221,340,74.965
smith_all,42.88761,-124.46282,341,75.235
smith_all,42.88488,-124.46333,342,75.541
smith_all,42.88446,-124.46345,343,75.589
smith_all,42.88394,-124.46373,344,75.651
smith_all,42.88101,-124.46594,345,76.023
smith_all,42.88052,-124.46638,346,76.088
smith_all,42.87963,-124.4674,347,76.218
smith_all,42.87925,-124.46772,348,76.267
smith_all,42.87885,-124.46794,349,76.315
smith_all,42.87836,-124.46809,350,76.371
smith_all,42.87594,-124.4686,351,76.643
smith_all,42.87522,-124.46861,352,76.723
smith_all,42.8707,-124.46795,353,77.229
smith_all,42.87015,-124.46766,354,77.294
smith_all,42.86951,-124.46708,355,77.38
smith_all,42.86897,-124.4667,356,77.447
smith_all,42.86869,-124.46656,357,77.481
smith_all,42.86811,-124.46639,358,77.547
smith_all,42.86751,-124.46635,359,77.613
smith_all,42.86413,-124.46673,360,77.991
smith_all,42.86325,-124.46709,361,78.093
smith_all,42.86273,-124.46742,362,78.156
smith_all,42.86202,-124.46807,363,78.252
smith_all,42.8607,-124.46953,364,78.44
smith_all,42.86017,-124.46986,365,78.505
smith_all,42.85932,-124.47021,366,78.604
smith_all,42.85731,-124.4708,367,78.833
smith_all,42.85707,-124.47094,368,78.862
smith_all,42.85575,-124.47146,369,79.014
smith_all,42.85384,-124.4723,370,79.238
smith_all,42.85257,-124.47274,371,79.383
smith_all,42.84636,-124.47434,372,80.086
smith_all,42.84462,-124.47493,373,80.285
smith_all,42.83936,-124.47746,374,80.906
smith_all,42.83171,-124.47914,375,81.767
smith_all,42.8313,-124.47938,376,81.817
smith_all,42.83094,-124.4797,377,81.865
smith_all,42.82838,-124.48236,378,82.222
smith_all,42.828,-124.48264,379,82.27
smith_all,42.82759,-124.48285,380,82.319
smith_all,42.82673,-124.48301,381,82.416
smith_all,42.82243,-124.48302,382,82.894
smith_all,42.81966,-124.48279,383,83.202
smith_all,42.81582,-124.48234,384,83.631
smith_all,42.81281,-124.48205,385,83.966
smith_all,42.81224,-124.48205,386,84.03
smith_all,42.81095,-124.48226,387,84.174
smith_all,42.81025,-124.48249,388,84.254
smith_all,42.80984,-124.48268,389,84.303
smith_all,42.8047,-124.48531,390,84.913
smith_all,42.80379,-124.48557,391,85.016
smith_all,42.80315,-124.48569,392,85.088
smith_all,42.79853,-124.4864,393,85.605
smith_all,42.79782,-124.48656,394,85.685
smith_all,42.79713,-124.48683,395,85.765
smith_all,42.79659,-124.48714,396,85.83
smith_all,42.79584,-124.48773,397,85.927
smith_all,42.79442,-124.48913,398,86.121
smith_all,42.79068,-124.49267,399,86.628
smith_all,42.79016,-124.49308,400,86.695
smith_all,42.78944,-124.49354,401,86.783
smith_all,42.78877,-124.49387,402,86.862
smith_all,42.78808,-124.49412,403,86.942
smith_all,42.78724,-124.49431,404,87.036
smith_all,42.78386,-124.49472,405,87.414
smith_all,42.78087,-124.49515,406,87.748
smith_all,42.77446,-124.49639,407,88.468
smith_all,42.77343,-124.49684,408,88.588
smith_all,42.77215,-124.49709,409,88.732
smith_all,42.76807,-124.49773,410,89.189
smith_all,42.76657,-124.49789,411,89.356
smith_all,42.76549,-124.49791,412,89.476
smith_all,42.7605,-124.49762,413,90.031
smith_all,42.75766,-124.49772,414,90.347
smith_all,42.756173,-124.497638,415,90.513
smith_all,42.750955,-124.497625,416,91.093
smith_all,42.750797,-124.497933,417,91.124
smith_all,42.75064,-124.497648,418,91.153
smith_all,42.74538,-124.49767,419,91.738
smith_all,42.74504,-124.49757,420,91.776
smith_all,42.74486,-124.49742,421,91.8
smith_all,42.74388,-124.49611,422,91.952
smith_all,42.7436,-124.49554,423,92.008
smith_all,42.74355,-124.49533,424,92.026
smith_all,42.74351,-124.49476,425,92.073
smith_all,42.74349,-124.49284,426,92.23
smith_all,42.7434,-124.49184,427,92.312
smith_all,42.7433,-124.49127,428,92.36
smith_all,42.74292,-124.48998,429,92.474
smith_all,42.74235,-124.48863,430,92.601
smith_all,42.74169,-124.48688,431,92.761
smith_all,42.74132,-124.48604,432,92.841
smith_all,42.74087,-124.48527,433,92.922
smith_all,42.74058,-124.48486,434,92.968
smith_all,42.74007,-124.48428,435,93.042
smith_all,42.73947,-124.48375,436,93.122
smith_all,42.7389,-124.48316,437,93.201
smith_all,42.73839,-124.48248,438,93.281
smith_all,42.73793,-124.48168,439,93.364
smith_all,42.73762,-124.48081,440,93.443
smith_all,42.73739,-124.47988,441,93.523
smith_all,42.73699,-124.47648,442,93.804
smith_all,42.73679,-124.47552,443,93.885
smith_all,42.73648,-124.47467,444,93.963
smith_all,42.73616,-124.47408,445,94.023
smith_all,42.73573,-124.47353,446,94.089
smith_all,42.73512,-124.47296,447,94.171
smith_all,42.72916,-124.46901,448,94.908
smith_all,42.72827,-124.46848,449,95.016
smith_all,42.72665,-124.46739,450,95.217
smith_all,42.72531,-124.46656,451,95.381
smith_all,42.72466,-124.46631,452,95.456
smith_all,42.72359,-124.46617,453,95.575
smith_all,42.72288,-124.4662,454,95.654
smith_all,42.72192,-124.46641,455,95.762
smith_all,42.72019,-124.46668,456,95.956
smith_all,42.71948,-124.46655,457,96.036
smith_all,42.71916,-124.46634,458,96.075
smith_all,42.71888,-124.46604,459,96.115
smith_all,42.71866,-124.46566,460,96.154
smith_all,42.71805,-124.46399,461,96.307
smith_all,42.71776,-124.46355,462,96.355
smith_all,42.71747,-124.46327,463,96.394
smith_all,42.71583,-124.46216,464,96.598
smith_all,42.71348,-124.46092,465,96.878
smith_all,42.71219,-124.46017,466,97.034
smith_all,42.7091,-124.45865,467,97.4
smith_all,42.70737,-124.45801,468,97.599
smith_all,42.70417,-124.45721,469,97.961
smith_all,42.70346,-124.45696,470,98.042
smith_all,42.70243,-124.45648,471,98.163
smith_all,42.70144,-124.45588,472,98.284
smith_all,42.70048,-124.45518,473,98.405
smith_all,42.69987,-124.45466,474,98.485
smith_all,42.69809,-124.45299,475,98.725
smith_all,42.69778,-124.45274,476,98.766
smith_all,42.69744,-124.45256,477,98.806
smith_all,42.69708,-124.45248,478,98.847
smith_all,42.69672,-124.45251,479,98.887
smith_all,42.69637,-124.45261,480,98.927
smith_all,42.69538,-124.45321,481,99.047
smith_all,42.69503,-124.45335,482,99.088
smith_all,42.69467,-124.4534,483,99.128
smith_all,42.69432,-124.45334,484,99.167
smith_all,42.69398,-124.45316,485,99.208
smith_all,42.69368,-124.45289,486,99.248
smith_all,42.69321,-124.45214,487,99.328
smith_all,42.69188,-124.44923,488,99.608
smith_all,42.69139,-124.4485,489,99.689
smith_all,42.69109,-124.44823,490,99.729
smith_all,42.69041,-124.44788,491,99.81
smith_all,42.68935,-124.44753,492,99.931
smith_all,42.68793,-124.44716,493,100.092
smith_all,42.6876,-124.44697,494,100.132
smith_all,42.6873,-124.44669,495,100.172
smith_all,42.68706,-124.44633,496,100.212
smith_all,42.68687,-124.44591,497,100.252
smith_all,42.68676,-124.44542,498,100.294
smith_all,42.68672,-124.44493,499,100.334
smith_all,42.68679,-124.44396,500,100.414
smith_all,42.68689,-124.44349,501,100.454
smith_all,42.6879,-124.43981,502,100.775
smith_all,42.68807,-124.43937,503,100.816
smith_all,42.68885,-124.43773,504,100.975
smith_all,42.689,-124.43728,505,101.016
smith_all,42.68909,-124.43681,506,101.056
smith_all,42.68913,-124.43633,507,101.095
smith_all,42.6891,-124.43584,508,101.135
smith_all,42.68901,-124.43537,509,101.175
smith_all,42.68885,-124.43493,510,101.215
smith_all,42.68864,-124.43454,511,101.255
smith_all,42.68824,-124.43396,512,101.32
smith_all,42.68735,-124.43282,513,101.455
smith_all,42.68719,-124.43238,514,101.496
smith_all,42.68716,-124.43189,515,101.536
smith_all,42.68735,-124.43044,516,101.656
smith_all,42.68759,-124.42983,517,101.713
smith_all,42.68762,-124.42964,518,101.729
smith_all,42.68761,-124.42944,519,101.745
smith_all,42.68747,-124.4291,520,101.777
smith_all,42.68672,-124.42804,521,101.897
smith_all,42.6864,-124.42776,522,101.939
smith_all,42.68608,-124.42754,523,101.979
smith_all,42.68573,-124.42738,524,102.02
smith_all,42.68537,-124.42726,525,102.062
smith_all,42.68458,-124.42715,526,102.15
smith_all,42.68433,-124.42695,527,102.182
smith_all,42.68414,-124.42666,528,102.214
smith_all,42.68404,-124.42629,529,102.246
smith_all,42.68403,-124.42609,530,102.262
smith_all,42.68431,-124.42324,531,102.497
smith_all,42.68432,-124.42244,532,102.563
smith_all,42.68427,-124.42188,533,102.609
smith_all,42.68413,-124.42124,534,102.664
smith_all,42.68381,-124.42044,535,102.738
smith_all,42.68356,-124.42008,536,102.778
smith_all,42.68296,-124.41951,537,102.86
smith_all,42.68233,-124.41916,538,102.936
smith_all,42.682,-124.41908,539,102.973
smith_all,42.68135,-124.41906,540,103.045
smith_all,42.67406,-124.42009,541,103.86
smith_all,42.67289,-124.41993,542,103.991
smith_all,42.67184,-124.41961,543,104.11
smith_all,42.67084,-124.41909,544,104.23
smith_all,42.66989,-124.41841,545,104.349
smith_all,42.66922,-124.41788,546,104.435
smith_all,42.66498,-124.41424,547,104.993
smith_all,42.66377,-124.41326,548,105.149
smith_all,42.66226,-124.41229,549,105.335
smith_all,42.66143,-124.41186,550,105.434
smith_all,42.65928,-124.41107,551,105.681
smith_all,42.65817,-124.41074,552,105.808
smith_all,42.65602,-124.41049,553,106.048
smith_all,42.65532,-124.41033,554,106.127
smith_all,42.65464,-124.41002,555,106.206
smith_all,42.65161,-124.4084,556,106.568
smith_all,42.65058,-124.40793,557,106.689
smith_all,42.65022,-124.40787,558,106.729
smith_all,42.64986,-124.40789,559,106.77
smith_all,42.64914,-124.40807,560,106.851
smith_all,42.64774,-124.40856,561,107.012
smith_all,42.64633,-124.40897,562,107.172
smith_all,42.64597,-124.40899,563,107.212
smith_all,42.64562,-124.40893,564,107.251
smith_all,42.64495,-124.40856,565,107.332
smith_all,42.64405,-124.40774,566,107.452
smith_all,42.64251,-124.40645,567,107.653
smith_all,42.6418,-124.40576,568,107.75
smith_all,42.63974,-124.40405,569,108.019
smith_all,42.63813,-124.40303,570,108.216
smith_all,42.63744,-124.40272,571,108.297
smith_all,42.63567,-124.40209,572,108.501
smith_all,42.63533,-124.40192,573,108.541
smith_all,42.63501,-124.40168,574,108.581
smith_all,42.63388,-124.40046,575,108.742
smith_all,42.63356,-124.40022,576,108.783
smith_all,42.63322,-124.40007,577,108.822
smith_all,42.63286,-124.40001,578,108.863
smith_all,42.63141,-124.40016,579,109.024
smith_all,42.63105,-124.40014,580,109.064
smith_all,42.63035,-124.3999,581,109.145
smith_all,42.63003,-124.3997,582,109.184
smith_all,42.62974,-124.39943,583,109.223
smith_all,42.62907,-124.39901,584,109.305
smith_all,42.62834,-124.39879,585,109.388
smith_all,42.6276,-124.39879,586,109.47
smith_all,42.62654,-124.39895,587,109.589
smith_all,42.62618,-124.39893,588,109.629
smith_all,42.62513,-124.39865,589,109.748
smith_all,42.62477,-124.39861,590,109.788
smith_all,42.62334,-124.39879,591,109.948
smith_all,42.62263,-124.39874,592,110.027
smith_all,42.62227,-124.39865,593,110.068
smith_all,42.62159,-124.39836,594,110.147
smith_all,42.61997,-124.39731,595,110.346
smith_all,42.6193,-124.39695,596,110.427
smith_all,42.6186,-124.39679,597,110.505
smith_all,42.6168,-124.39672,598,110.706
smith_all,42.6161,-124.39652,599,110.785
smith_all,42.61545,-124.39614,600,110.864
smith_all,42.61484,-124.39563,601,110.944
smith_all,42.61426,-124.39497,602,111.028
smith_all,42.61339,-124.39383,603,111.162
smith_all,42.61239,-124.39264,604,111.31
smith_all,42.61141,-124.39197,605,111.432
smith_all,42.61072,-124.3917,606,111.512
smith_all,42.60994,-124.3916,607,111.599
smith_all,42.60673,-124.39173,608,111.956
smith_all,42.60603,-124.39191,609,112.035
smith_all,42.6057,-124.39209,610,112.075
smith_all,42.60511,-124.39265,611,112.155
smith_all,42.60487,-124.39301,612,112.194
smith_all,42.60466,-124.39341,613,112.235
smith_all,42.60401,-124.39505,614,112.387
smith_all,42.6036,-124.39574,615,112.46
smith_all,42.60292,-124.39643,616,112.554
smith_all,42.60146,-124.39767,617,112.746
smith_all,42.60074,-124.39822,618,112.837
smith_all,42.60007,-124.39861,619,112.918
smith_all,42.59972,-124.39873,620,112.959
smith_all,42.59936,-124.39878,621,112.999
smith_all,42.59756,-124.39858,622,113.2
smith_all,42.59684,-124.39859,623,113.28
smith_all,42.59648,-124.39866,624,113.32
smith_all,42.59507,-124.3991,625,113.481
smith_all,42.59463,-124.39911,626,113.53
smith_all,42.59421,-124.39897,627,113.578
smith_all,42.59373,-124.39856,628,113.641
smith_all,42.59214,-124.3959,629,113.922
smith_all,42.59161,-124.39522,630,114.003
smith_all,42.59067,-124.39451,631,114.122
smith_all,42.58863,-124.39349,632,114.364
smith_all,42.58764,-124.39288,633,114.485
smith_all,42.58729,-124.39277,634,114.525
smith_all,42.58674,-124.39274,635,114.586
smith_all,42.58525,-124.39311,636,114.754
smith_all,42.58479,-124.39311,637,114.806
smith_all,42.58409,-124.3929,638,114.885
smith_all,42.58334,-124.39251,639,114.975
smith_all,42.58271,-124.3923,640,115.047
smith_all,42.58199,-124.39226,641,115.127
smith_all,42.58127,-124.39231,642,115.207
smith_all,42.58091,-124.39228,643,115.247
smith_all,42.58056,-124.39217,644,115.287
smith_all,42.58023,-124.39197,645,115.327
smith_all,42.5791,-124.39076,646,115.487
smith_all,42.57848,-124.39027,647,115.567
smith_all,42.57778,-124.39002,648,115.647
smith_all,42.57634,-124.38992,649,115.808
smith_all,42.57599,-124.38979,650,115.848
smith_all,42.57567,-124.38956,651,115.888
smith_all,42.57452,-124.38838,652,116.049
smith_all,42.57421,-124.38814,653,116.088
smith_all,42.57387,-124.38798,654,116.128
smith_all,42.57351,-124.38793,655,116.169
smith_all,42.57207,-124.38795,656,116.329
smith_all,42.57137,-124.38782,657,116.407
smith_all,42.57075,-124.38755,658,116.48
smith_all,42.56571,-124.38486,659,117.082
smith_all,42.56501,-124.38461,660,117.162
smith_all,42.56465,-124.38455,661,117.203
smith_all,42.56429,-124.38453,662,117.243
smith_all,42.56367,-124.38461,663,117.312
smith_all,42.56325,-124.38473,664,117.36
smith_all,42.56281,-124.38494,665,117.412
smith_all,42.56217,-124.38537,666,117.491
smith_all,42.55359,-124.39271,667,118.619
smith_all,42.55233,-124.39366,668,118.779
smith_all,42.55102,-124.39439,669,118.936
smith_all,42.55039,-124.39466,670,119.01
smith_all,42.54925,-124.39504,671,119.14
smith_all,42.54212,-124.39682,672,119.947
smith_all,42.54031,-124.39742,673,120.154
smith_all,42.53917,-124.39786,674,120.285
smith_all,42.53313,-124.40062,675,120.994
smith_all,42.51806,-124.40767,676,122.767
smith_all,42.51292,-124.41001,677,123.37
smith_all,42.51221,-124.41023,678,123.45
smith_all,42.5115,-124.41036,679,123.53
smith_all,42.51056,-124.41033,680,123.635
smith_all,42.50925,-124.41013,681,123.781
smith_all,42.50897,-124.41015,682,123.812
smith_all,42.50885,-124.41009,683,123.827
smith_all,42.50842,-124.41004,684,123.875
smith_all,42.50712,-124.40994,685,124.019
smith_all,42.50516,-124.40992,686,124.237
smith_all,42.50303,-124.41007,687,124.475
smith_all,42.48667,-124.41666,688,126.372
smith_all,42.48486,-124.41729,689,126.58
smith_all,42.48231,-124.41792,690,126.868
smith_all,42.4797,-124.4182,691,127.159
smith_all,42.47821,-124.41826,692,127.325
smith_all,42.47127,-124.41842,693,128.097
smith_all,42.46383,-124.41867,694,128.925
smith_all,42.46163,-124.41869,695,129.169
smith_all,42.46057,-124.41883,696,129.288
smith_all,42.4597,-124.41902,697,129.386
smith_all,42.45842,-124.41942,698,129.532
smith_all,42.4562,-124.42037,699,129.79
smith_all,42.45176,-124.42236,700,130.31
smith_all,42.44755,-124.42432,701,130.805
smith_all,42.43388,-124.43047,702,132.407
smith_all,42.43306,-124.43077,703,132.502
smith_all,42.43228,-124.43093,704,132.589
smith_all,42.43177,-124.43086,705,132.646
smith_all,42.43132,-124.43073,706,132.697
smith_all,42.43063,-124.43031,707,132.782
smith_all,42.43025,-124.42998,708,132.832
smith_all,42.4297,-124.42931,709,132.914
smith_all,42.42935,-124.42867,710,132.979
smith_all,42.42908,-124.42798,711,133.043
smith_all,42.42891,-124.42723,712,133.108
smith_all,42.42883,-124.42646,713,133.172
smith_all,42.42883,-124.42587,714,133.22
smith_all,42.42889,-124.42527,715,133.27
smith_all,42.42907,-124.42434,716,133.349
smith_all,42.43021,-124.41947,717,133.768
smith_all,42.43031,-124.41892,718,133.814
smith_all,42.43034,-124.4182,719,133.874
smith_all,42.43025,-124.41481,720,134.152
smith_all,42.43017,-124.41423,721,134.2
smith_all,42.43003,-124.41387,722,134.234
smith_all,42.42979,-124.41354,723,134.272
smith_all,42.42943,-124.41329,724,134.317
smith_all,42.4292,-124.41324,725,134.343
smith_all,42.42462,-124.41329,726,134.852
smith_all,42.42412,-124.41337,727,134.908
smith_all,42.4238,-124.4136,728,134.948
smith_all,42.42352,-124.41402,729,134.995
smith_all,42.42309,-124.41516,730,135.1
smith_all,42.42266,-124.41596,731,135.181
smith_all,42.42228,-124.41639,732,135.236
smith_all,42.4218,-124.4168,733,135.299
smith_all,42.42028,-124.41771,734,135.484
smith_all,42.41883,-124.4187,735,135.665
smith_all,42.41611,-124.42021,736,135.991
smith_all,42.41499,-124.42069,737,136.122
smith_all,42.41441,-124.42074,738,136.187
smith_all,42.41171,-124.42055,739,136.487
smith_all,42.410733,-124.420529,740,136.596
smith_all,42.410753,-124.421007,741,136.635
smith_all,42.409948,-124.421139,742,136.725
smith_all,42.409673,-124.421192,743,136.756
smith_all,42.409595,-124.420634,744,136.803
smith_all,42.39496,-124.42278,745,138.44
smith_all,42.39399,-124.42271,746,138.548
smith_all,42.39097,-124.4221,747,138.887
smith_all,42.39019,-124.42222,748,138.975
smith_all,42.38846,-124.42278,749,139.172
smith_all,42.38693,-124.42321,750,139.346
smith_all,42.38595,-124.42337,751,139.456
smith_all,42.38522,-124.42331,752,139.537
smith_all,42.38476,-124.42318,753,139.59
smith_all,42.38002,-124.42119,754,140.141
smith_all,42.37933,-124.42095,755,140.221
smith_all,42.37792,-124.42056,756,140.381
smith_all,42.37584,-124.4202,757,140.614
smith_all,42.37511,-124.42016,758,140.695
smith_all,42.37268,-124.42017,759,140.965
smith_all,42.3716,-124.42005,760,141.086
smith_all,42.36986,-124.41961,761,141.283
smith_all,42.36638,-124.41851,762,141.68
smith_all,42.36573,-124.41813,763,141.759
smith_all,42.36543,-124.41786,764,141.799
smith_all,42.36462,-124.41693,765,141.917
smith_all,42.36399,-124.41646,766,141.997
smith_all,42.36364,-124.41631,767,142.038
smith_all,42.36329,-124.41623,768,142.077
smith_all,42.36222,-124.41608,769,142.197
smith_all,42.36154,-124.41575,770,142.277
smith_all,42.36092,-124.41524,771,142.358
smith_all,42.3601,-124.41419,772,142.483
smith_all,42.35964,-124.41377,773,142.545
smith_all,42.35886,-124.41345,774,142.636
smith_all,42.35762,-124.41331,775,142.774
smith_all,42.35695,-124.41312,776,142.85
smith_all,42.35567,-124.41235,777,143.006
smith_all,42.35503,-124.41219,778,143.078
smith_all,42.35471,-124.41224,779,143.114
smith_all,42.35435,-124.41238,780,143.156
smith_all,42.35286,-124.41357,781,143.348
smith_all,42.35143,-124.41429,782,143.518
smith_all,42.35083,-124.41468,783,143.592
smith_all,42.35019,-124.41514,784,143.672
smith_all,42.34882,-124.41632,785,143.853
smith_all,42.34798,-124.41719,786,143.971
smith_all,42.34713,-124.41783,787,144.079
smith_all,42.34679,-124.41799,788,144.119
smith_all,42.34609,-124.41814,789,144.198
smith_all,42.34537,-124.41808,790,144.278
smith_all,42.34291,-124.41724,791,144.56
smith_all,42.34228,-124.41678,792,144.639
smith_all,42.34178,-124.4162,793,144.713
smith_all,42.3413,-124.41522,794,144.809
smith_all,42.34058,-124.41355,795,144.968
smith_all,42.34008,-124.41284,796,145.049
smith_all,42.33942,-124.41229,797,145.135
smith_all,42.33909,-124.41213,798,145.174
smith_all,42.33837,-124.41196,799,145.255
smith_all,42.33801,-124.41196,800,145.295
smith_all,42.33766,-124.41202,801,145.334
smith_all,42.33697,-124.41235,802,145.416
smith_all,42.33637,-124.41291,803,145.497
smith_all,42.33611,-124.41327,804,145.538
smith_all,42.33569,-124.41408,805,145.62
smith_all,42.33471,-124.41672,806,145.862
smith_all,42.33413,-124.41797,807,145.984
smith_all,42.33368,-124.41873,808,146.064
smith_all,42.33293,-124.41981,809,146.186
smith_all,42.3311,-124.42219,810,146.468
smith_all,42.33083,-124.42251,811,146.508
smith_all,42.33022,-124.42305,812,146.589
smith_all,42.32953,-124.42336,813,146.67
smith_all,42.32916,-124.42337,814,146.711
smith_all,42.32844,-124.42323,815,146.792
smith_all,42.3281,-124.42305,816,146.832
smith_all,42.32778,-124.42281,817,146.873
smith_all,42.32749,-124.42251,818,146.914
smith_all,42.32589,-124.42051,819,147.156
smith_all,42.3254,-124.4198,820,147.236
smith_all,42.32473,-124.41816,821,147.39
smith_all,42.32454,-124.41774,822,147.43
smith_all,42.32432,-124.41738,823,147.469
smith_all,42.32367,-124.41679,824,147.556
smith_all,42.32305,-124.41645,825,147.63
smith_all,42.32141,-124.41541,826,147.831
smith_all,42.32104,-124.41519,827,147.876
smith_all,42.32075,-124.41509,828,147.91
smith_all,42.32038,-124.415,829,147.952
smith_all,42.31993,-124.41499,830,148.002
smith_all,42.3192,-124.41522,831,148.085
smith_all,42.31785,-124.41602,832,148.249
smith_all,42.31721,-124.41626,833,148.323
smith_all,42.31681,-124.41632,834,148.367
smith_all,42.31648,-124.4163,835,148.404
smith_all,42.31617,-124.41625,836,148.439
smith_all,42.31563,-124.41607,837,148.501
smith_all,42.31302,-124.41481,838,148.809
smith_all,42.31205,-124.41446,839,148.92
smith_all,42.31038,-124.41403,840,149.109
smith_all,42.3097,-124.4137,841,149.19
smith_all,42.3091,-124.41315,842,149.27
smith_all,42.30885,-124.4128,843,149.31
smith_all,42.30797,-124.41122,844,149.473
smith_all,42.30768,-124.41079,845,149.521
smith_all,42.30742,-124.4105,846,149.558
smith_all,42.30706,-124.4102,847,149.605
smith_all,42.30649,-124.40986,848,149.675
smith_all,42.30598,-124.40979,849,149.732
smith_all,42.30542,-124.40985,850,149.794
smith_all,42.30507,-124.40996,851,149.834
smith_all,42.30301,-124.4109,852,150.076
smith_all,42.30265,-124.41102,853,150.117
smith_all,42.30229,-124.41107,854,150.157
smith_all,42.30157,-124.41099,855,150.238
smith_all,42.30122,-124.41085,856,150.278
smith_all,42.30089,-124.41064,857,150.319
smith_all,42.29904,-124.40906,858,150.562
smith_all,42.29838,-124.40862,859,150.644
smith_all,42.29804,-124.40845,860,150.684
smith_all,42.29593,-124.40759,861,150.929
smith_all,42.29361,-124.40673,862,151.197
smith_all,42.29132,-124.40576,863,151.464
smith_all,42.28944,-124.40508,864,151.68
smith_all,42.28836,-124.4049,865,151.801
smith_all,42.28764,-124.40489,866,151.881
smith_all,42.28257,-124.40509,867,152.445
smith_all,42.28112,-124.40499,868,152.607
smith_all,42.27993,-124.40477,869,152.74
smith_all,42.26296,-124.40013,870,154.665
smith_all,42.25657,-124.39843,871,155.39
smith_all,42.25554,-124.39795,872,155.511
smith_all,42.25489,-124.39754,873,155.59
smith_all,42.25426,-124.39705,874,155.671
smith_all,42.25368,-124.39649,875,155.751
smith_all,42.25312,-124.39586,876,155.832
smith_all,42.25131,-124.39349,877,156.112
smith_all,42.25075,-124.39288,878,156.192
smith_all,42.25045,-124.39261,879,156.232
smith_all,42.2498,-124.39216,880,156.313
smith_all,42.24912,-124.39184,881,156.393
smith_all,42.24877,-124.39173,882,156.433
smith_all,42.24806,-124.3916,883,156.513
smith_all,42.24733,-124.39159,884,156.594
smith_all,42.23918,-124.39238,885,157.503
smith_all,42.23793,-124.39233,886,157.642
smith_all,42.23723,-124.39208,887,157.722
smith_all,42.23657,-124.39167,888,157.803
smith_all,42.23599,-124.39109,889,157.883
smith_all,42.23573,-124.39075,890,157.923
smith_all,42.23532,-124.39005,891,157.997
smith_all,42.23394,-124.38706,892,158.287
smith_all,42.23343,-124.38638,893,158.367
smith_all,42.23314,-124.38611,894,158.406
smith_all,42.23248,-124.38569,895,158.487
smith_all,42.23074,-124.38508,896,158.687
smith_all,42.23006,-124.38475,897,158.767
smith_all,42.22974,-124.38452,898,158.808
smith_all,42.22944,-124.38426,899,158.847
smith_all,42.22917,-124.38394,900,158.887
smith_all,42.22797,-124.38212,901,159.088
smith_all,42.22745,-124.38146,902,159.167
smith_all,42.22715,-124.38117,903,159.208
smith_all,42.22652,-124.38072,904,159.287
smith_all,42.22451,-124.37961,905,159.529
smith_all,42.22386,-124.37918,906,159.609
smith_all,42.22295,-124.37828,907,159.735
smith_all,42.22271,-124.37799,908,159.771
smith_all,42.22223,-124.37727,909,159.85
smith_all,42.22183,-124.37646,910,159.93
smith_all,42.22156,-124.37576,911,159.995
smith_all,42.22096,-124.37393,912,160.16
smith_all,42.22054,-124.37299,913,160.251
smith_all,42.22006,-124.37241,914,160.322
smith_all,42.21973,-124.37212,915,160.366
smith_all,42.21948,-124.37194,916,160.398
smith_all,42.21878,-124.3716,917,160.48
smith_all,42.21852,-124.37158,918,160.509
smith_all,42.21778,-124.37168,919,160.592
smith_all,42.2174,-124.37177,920,160.635
smith_all,42.21698,-124.372,921,160.685
smith_all,42.21655,-124.37238,922,160.742
smith_all,42.2147,-124.37444,923,161.009
smith_all,42.21386,-124.37503,924,161.114
smith_all,42.21316,-124.37528,925,161.195
smith_all,42.21243,-124.37532,926,161.276
smith_all,42.21173,-124.37516,927,161.355
smith_all,42.21105,-124.37482,928,161.436
smith_all,42.2097,-124.37379,929,161.608
smith_all,42.20945,-124.37366,930,161.638
smith_all,42.20884,-124.37346,931,161.708
smith_all,42.20805,-124.37328,932,161.797
smith_all,42.20624,-124.37309,933,161.999
smith_all,42.20489,-124.37299,934,162.149
smith_all,42.20411,-124.37307,935,162.236
smith_all,42.2034,-124.37329,936,162.317
smith_all,42.20166,-124.37396,937,162.518
smith_all,42.20131,-124.37405,938,162.558
smith_all,42.20059,-124.37405,939,162.638
smith_all,42.20023,-124.37395,940,162.679
smith_all,42.19989,-124.37379,941,162.719
smith_all,42.19957,-124.37357,942,162.759
smith_all,42.19927,-124.37329,943,162.799
smith_all,42.19635,-124.36967,944,163.24
smith_all,42.19526,-124.36867,945,163.387
smith_all,42.19416,-124.368,946,163.521
smith_all,42.19045,-124.36605,947,163.964
smith_all,42.18979,-124.36565,948,164.044
smith_all,42.18916,-124.36518,949,164.124
smith_all,42.18857,-124.36462,950,164.204
smith_all,42.18802,-124.36398,951,164.285
smith_all,42.18751,-124.36328,952,164.366
smith_all,42.18607,-124.3611,953,164.606
smith_all,42.1855,-124.3605,954,164.687
smith_all,42.18518,-124.36028,955,164.727
smith_all,42.18484,-124.36012,956,164.767
smith_all,42.18449,-124.36003,957,164.806
smith_all,42.18377,-124.35998,958,164.887
smith_all,42.18232,-124.36002,959,165.048
smith_all,42.1816,-124.35992,960,165.128
smith_all,42.18093,-124.35956,961,165.209
smith_all,42.1797,-124.35852,962,165.37
smith_all,42.17939,-124.35829,963,165.409
smith_all,42.17904,-124.35814,964,165.45
smith_all,42.17869,-124.35806,965,165.49
smith_all,42.17833,-124.35805,966,165.53
smith_all,42.17693,-124.35856,967,165.691
smith_all,42.17657,-124.35864,968,165.731
smith_all,42.17621,-124.35864,969,165.771
smith_all,42.17585,-124.35857,970,165.812
smith_all,42.17375,-124.35782,971,166.053
smith_all,42.17302,-124.35778,972,166.135
smith_all,42.17267,-124.35787,973,166.174
smith_all,42.172,-124.35821,974,166.254
smith_all,42.1704,-124.35937,975,166.456
smith_all,42.16975,-124.35979,976,166.536
smith_all,42.16906,-124.36008,977,166.616
smith_all,42.16834,-124.36014,978,166.697
smith_all,42.16761,-124.35998,979,166.779
smith_all,42.16615,-124.35942,980,166.948
smith_all,42.16494,-124.35859,981,167.099
smith_all,42.1639,-124.35805,982,167.222
smith_all,42.16269,-124.35771,983,167.36
smith_all,42.16215,-124.35765,984,167.42
smith_all,42.16172,-124.35767,985,167.468
smith_all,42.16133,-124.35774,986,167.512
smith_all,42.16051,-124.35807,987,167.607
smith_all,42.15983,-124.35846,988,167.689
smith_all,42.15792,-124.35981,989,167.929
smith_all,42.15758,-124.35997,990,167.969
smith_all,42.15688,-124.36018,991,168.049
smith_all,42.15613,-124.3602,992,168.132
smith_all,42.15182,-124.35976,993,168.613
smith_all,42.15111,-124.35961,994,168.693
smith_all,42.15076,-124.35948,995,168.733
smith_all,42.15042,-124.35931,996,168.773
smith_all,42.1498,-124.35882,997,168.853
smith_all,42.14925,-124.35818,998,168.934
smith_all,42.14901,-124.35782,999,168.974
smith_all,42.14736,-124.35503,1000,169.268
smith_all,42.14662,-124.35386,1001,169.395
smith_all,42.14607,-124.35322,1002,169.476
smith_all,42.14546,-124.3527,1003,169.556
smith_all,42.14479,-124.35231,1004,169.637
smith_all,42.14444,-124.35218,1005,169.677
smith_all,42.14409,-124.3521,1006,169.717
smith_all,42.14336,-124.35206,1007,169.798
smith_all,42.14077,-124.35239,1008,170.087
smith_all,42.14005,-124.3523,1009,170.168
smith_all,42.1397,-124.35219,1010,170.208
smith_all,42.13901,-124.35183,1011,170.29
smith_all,42.1371,-124.35037,1012,170.534
smith_all,42.13676,-124.35016,1013,170.576
smith_all,42.13641,-124.35002,1014,170.616
smith_all,42.13569,-124.3499,1015,170.697
smith_all,42.13356,-124.35014,1016,170.935
smith_all,42.13286,-124.35006,1017,171.013
smith_all,42.13218,-124.3498,1018,171.091
smith_all,42.13056,-124.3488,1019,171.289
smith_all,42.13011,-124.34857,1020,171.343
smith_all,42.1296,-124.34842,1021,171.401
smith_all,42.129,-124.34842,1022,171.468
smith_all,42.12627,-124.34945,1023,171.783
smith_all,42.1252,-124.34969,1024,171.904
smith_all,42.12448,-124.34963,1025,171.984
smith_all,42.12268,-124.34922,1026,172.187
smith_all,42.12198,-124.34911,1027,172.265
smith_all,42.11306,-124.34882,1028,173.257
smith_all,42.11257,-124.34875,1029,173.312
smith_all,42.11185,-124.34853,1030,173.394
smith_all,42.11083,-124.34804,1031,173.515
smith_all,42.10863,-124.34661,1032,173.786
smith_all,42.10287,-124.34272,1033,174.503
smith_all,42.10048,-124.34092,1034,174.807
smith_all,42.08901,-124.33039,1035,176.35
smith_all,42.08636,-124.32802,1036,176.704
smith_all,42.08584,-124.32752,1037,176.775
smith_all,42.08529,-124.32689,1038,176.855
smith_all,42.08502,-124.32654,1039,176.897
smith_all,42.08456,-124.3258,1040,176.976
smith_all,42.08318,-124.32316,1041,177.243
smith_all,42.08126,-124.31967,1042,177.601
smith_all,42.08042,-124.31804,1043,177.765
smith_all,42.07942,-124.31643,1044,177.938
smith_all,42.0783,-124.3148,1045,178.122
smith_all,42.07654,-124.31276,1046,178.38
smith_all,42.07533,-124.3116,1047,178.545
smith_all,42.07434,-124.3108,1048,178.673
smith_all,42.07255,-124.30947,1049,178.901
smith_all,42.066,-124.30437,1050,179.742
smith_all,42.06328,-124.30236,1051,180.087
smith_all,42.06244,-124.30183,1052,180.19
smith_all,42.06167,-124.30127,1053,180.287
smith_all,42.05846,-124.29862,1054,180.706
smith_all,42.0574,-124.29797,1055,180.836
smith_all,42.05709,-124.29768,1056,180.878
smith_all,42.05669,-124.29684,1057,180.96
smith_all,42.05635,-124.2958,1058,181.054
smith_all,42.05515,-124.29063,1059,181.501
smith_all,42.054735,-124.28916,1060,181.631
smith_all,42.054997,-124.289015,1061,181.662
smith_all,42.054878,-124.288517,1062,181.705
smith_all,42.05477,-124.288308,1063,181.727
smith_all,42.054949,-124.288083,1064,181.754
smith_all,42.054973,-124.287954,1065,181.765
smith_all,42.054674,-124.287986,1066,181.798
smith_all,42.054555,-124.288083,1067,181.814
smith_all,42.054364,-124.288196,1068,181.837
smith_all,42.05404,-124.28751,1069,181.904
smith_all,42.05298,-124.28558,1070,182.102
smith_all,42.05258,-124.28475,1071,182.184
smith_all,42.0524,-124.28416,1072,182.236
smith_all,42.0523,-124.28354,1073,182.289
smith_all,42.05228,-124.28296,1074,182.337
smith_all,42.0524,-124.28205,1075,182.413
smith_all,42.05308,-124.27968,1076,182.623
smith_all,42.05446,-124.27532,1077,183.014
smith_all,42.05486,-124.2737,1078,183.155
smith_all,42.05506,-124.27247,1079,183.259
smith_all,42.05507,-124.27168,1080,183.324
smith_all,42.05484,-124.26747,1081,183.673
smith_all,42.05477,-124.26732,1082,183.687
smith_all,42.05469,-124.26649,1083,183.757
smith_all,42.05452,-124.2656,1084,183.832
smith_all,42.05453,-124.26547,1085,183.843
smith_all,42.05436,-124.265,1086,183.886
smith_all,42.05388,-124.26412,1087,183.977
smith_all,42.05297,-124.262928,1088,184.118
smith_all,42.051887,-124.261663,1089,184.277
smith_all,42.05172,-124.261952,1090,184.307
smith_all,42.051571,-124.261936,1091,184.324
smith_all,42.051607,-124.26184,1092,184.333
smith_all,42.051714,-124.261944,1093,184.348
smith_all,42.051887,-124.261655,1094,184.378
smith_all,42.04966,-124.259,1095,184.709
smith_all,42.0482,-124.25716,1096,184.931
smith_all,42.04588,-124.25441,1097,185.275
smith_all,42.04417,-124.25229,1098,185.533
smith_all,42.04113,-124.24874,1099,185.981
smith_all,42.03767,-124.24453,1100,186.499
smith_all,42.03571,-124.24223,1101,186.788
smith_all,42.02814,-124.23301,1102,187.924
smith_all,42.02575,-124.23021,1103,188.276
smith_all,42.02538,-124.22971,1104,188.334
smith_all,42.01804,-124.22091,1105,189.427
smith_all,42.01685,-124.21961,1106,189.598
smith_all,42.01442,-124.21741,1107,189.923
smith_all,42.00887,-124.2126,1108,190.657
smith_all,42.00723,-124.21136,1109,190.866
smith_all,42.00635,-124.21077,1110,190.976
smith_all,42.00566,-124.21037,1111,191.059
smith_all,42.00422,-124.20965,1112,191.23
smith_all,42.00217,-124.20888,1113,191.467
smith_all,42.00064,-124.20852,1114,191.639
smith_all,41.99989,-124.2084,1115,191.723
smith_all,41.99819,-124.20825,1116,191.913
smith_all,41.99483,-124.20802,1117,192.287
smith_all,41.99457,-124.20795,1118,192.316
smith_all,41.99142,-124.20783,1119,192.667
smith_all,41.99056,-124.20769,1120,192.763
smith_all,41.9901,-124.20754,1121,192.816
smith_all,41.98948,-124.20723,1122,192.889
smith_all,41.98475,-124.2038,1123,193.487
smith_all,41.98411,-124.20349,1124,193.562
smith_all,41.9836,-124.20336,1125,193.62
smith_all,41.96637,-124.20269,1126,195.537
smith_all,41.96414,-124.20265,1127,195.785
smith_all,41.96296,-124.20272,1128,195.916
smith_all,41.96147,-124.20301,1129,196.084
smith_all,41.95699,-124.20425,1130,196.592
smith_all,41.95699,-124.20418,1131,196.598
