service_id,date,exception_type
2.327,20120221,1
7.327,20120221,1
A.327,20120221,1
W.327,20120221,1
e.327,20120221,1
p.327,20120221,1
2.327,20120222,1
7.327,20120222,1
A.327,20120222,1
W.327,20120222,1
e.327,20120222,1
p.327,20120222,1
2.327,20120223,1
7.327,20120223,1
A.327,20120223,1
W.327,20120223,1
e.327,20120223,1
p.327,20120223,1
2.327,20120224,1
7.327,20120224,1
A.327,20120224,1
P.327,20120224,1
W.327,20120224,1
e.327,20120224,1
8.327,20120225,1
B.327,20120225,1
S.327,20120225,1
C.327,20120226,1
U.327,20120226,1
2.327,20120227,1
7.327,20120227,1
A.327,20120227,1
W.327,20120227,1
e.327,20120227,1
p.327,20120227,1
2.327,20120228,1
7.327,20120228,1
A.327,20120228,1
W.327,20120228,1
e.327,20120228,1
p.327,20120228,1
2.327,20120229,1
7.327,20120229,1
A.327,20120229,1
W.327,20120229,1
e.327,20120229,1
p.327,20120229,1
2.327,20120301,1
7.327,20120301,1
A.327,20120301,1
W.327,20120301,1
e.327,20120301,1
p.327,20120301,1
2.327,20120302,1
7.327,20120302,1
A.327,20120302,1
P.327,20120302,1
W.327,20120302,1
e.327,20120302,1
8.327,20120303,1
B.327,20120303,1
S.327,20120303,1
C.323,20120304,1
U.323,20120304,1
2.323,20120305,1
7.323,20120305,1
A.323,20120305,1
W.323,20120305,1
e.323,20120305,1
p.323,20120305,1
2.323,20120306,1
7.323,20120306,1
A.323,20120306,1
W.323,20120306,1
e.323,20120306,1
p.323,20120306,1
2.323,20120307,1
7.323,20120307,1
A.323,20120307,1
W.323,20120307,1
e.323,20120307,1
p.323,20120307,1
2.323,20120308,1
7.323,20120308,1
A.323,20120308,1
W.323,20120308,1
e.323,20120308,1
p.323,20120308,1
2.323,20120309,1
7.323,20120309,1
A.323,20120309,1
P.323,20120309,1
W.323,20120309,1
e.323,20120309,1
8.323,20120310,1
B.323,20120310,1
S.323,20120310,1
C.323,20120311,1
U.323,20120311,1
2.323,20120312,1
7.323,20120312,1
A.323,20120312,1
Q.323,20120312,1
W.323,20120312,1
e.323,20120312,1
p.323,20120312,1
2.323,20120313,1
7.323,20120313,1
A.323,20120313,1
W.323,20120313,1
e.323,20120313,1
p.323,20120313,1
2.323,20120314,1
7.323,20120314,1
A.323,20120314,1
W.323,20120314,1
e.323,20120314,1
p.323,20120314,1
2.323,20120315,1
7.323,20120315,1
A.323,20120315,1
W.323,20120315,1
e.323,20120315,1
p.323,20120315,1
2.323,20120316,1
7.323,20120316,1
A.323,20120316,1
P.323,20120316,1
W.323,20120316,1
e.323,20120316,1
8.323,20120317,1
B.323,20120317,1
S.323,20120317,1
C.323,20120318,1
U.323,20120318,1
2.323,20120319,1
7.323,20120319,1
A.323,20120319,1
W.323,20120319,1
e.323,20120319,1
p.323,20120319,1
2.323,20120320,1
7.323,20120320,1
A.323,20120320,1
W.323,20120320,1
e.323,20120320,1
p.323,20120320,1
2.323,20120321,1
7.323,20120321,1
A.323,20120321,1
W.323,20120321,1
e.323,20120321,1
p.323,20120321,1
2.323,20120322,1
7.323,20120322,1
A.323,20120322,1
W.323,20120322,1
e.323,20120322,1
p.323,20120322,1
2.323,20120323,1
7.323,20120323,1
A.323,20120323,1
P.323,20120323,1
W.323,20120323,1
e.323,20120323,1
8.323,20120324,1
B.323,20120324,1
S.323,20120324,1
C.323,20120325,1
U.323,20120325,1
2.323,20120326,1
7.323,20120326,1
A.323,20120326,1
W.323,20120326,1
p.323,20120326,1
2.323,20120327,1
7.323,20120327,1
A.323,20120327,1
W.323,20120327,1
p.323,20120327,1
2.323,20120328,1
7.323,20120328,1
A.323,20120328,1
W.323,20120328,1
p.323,20120328,1
2.323,20120329,1
7.323,20120329,1
A.323,20120329,1
W.323,20120329,1
p.323,20120329,1
2.323,20120330,1
7.323,20120330,1
A.323,20120330,1
P.323,20120330,1
W.323,20120330,1
8.323,20120331,1
B.323,20120331,1
S.323,20120331,1
m.323,20120331,1
C.323,20120401,1
U.323,20120401,1
2.323,20120402,1
7.323,20120402,1
A.323,20120402,1
W.323,20120402,1
e.323,20120402,1
p.323,20120402,1
2.323,20120403,1
7.323,20120403,1
A.323,20120403,1
W.323,20120403,1
e.323,20120403,1
p.323,20120403,1
2.323,20120404,1
7.323,20120404,1
A.323,20120404,1
W.323,20120404,1
e.323,20120404,1
p.323,20120404,1
2.323,20120405,1
7.323,20120405,1
A.323,20120405,1
W.323,20120405,1
e.323,20120405,1
p.323,20120405,1
2.323,20120406,1
7.323,20120406,1
A.323,20120406,1
P.323,20120406,1
W.323,20120406,1
e.323,20120406,1
8.323,20120407,1
B.323,20120407,1
S.323,20120407,1
o.323,20120407,1
C.323,20120408,1
U.323,20120408,1
2.323,20120409,1
7.323,20120409,1
A.323,20120409,1
W.323,20120409,1
e.323,20120409,1
p.323,20120409,1
2.323,20120410,1
7.323,20120410,1
A.323,20120410,1
W.323,20120410,1
e.323,20120410,1
p.323,20120410,1
2.323,20120411,1
7.323,20120411,1
A.323,20120411,1
W.323,20120411,1
e.323,20120411,1
p.323,20120411,1
2.323,20120412,1
7.323,20120412,1
A.323,20120412,1
W.323,20120412,1
e.323,20120412,1
p.323,20120412,1
2.323,20120413,1
7.323,20120413,1
A.323,20120413,1
P.323,20120413,1
W.323,20120413,1
8.323,20120414,1
B.323,20120414,1
S.323,20120414,1
C.323,20120415,1
U.323,20120415,1
2.323,20120416,1
7.323,20120416,1
A.323,20120416,1
W.323,20120416,1
e.323,20120416,1
p.323,20120416,1
2.323,20120417,1
7.323,20120417,1
A.323,20120417,1
W.323,20120417,1
e.323,20120417,1
p.323,20120417,1
2.323,20120418,1
7.323,20120418,1
A.323,20120418,1
W.323,20120418,1
e.323,20120418,1
p.323,20120418,1
2.323,20120419,1
7.323,20120419,1
A.323,20120419,1
W.323,20120419,1
e.323,20120419,1
p.323,20120419,1
2.323,20120420,1
7.323,20120420,1
A.323,20120420,1
P.323,20120420,1
W.323,20120420,1
e.323,20120420,1
8.323,20120421,1
B.323,20120421,1
S.323,20120421,1
o.323,20120421,1
C.323,20120422,1
U.323,20120422,1
2.323,20120423,1
7.323,20120423,1
A.323,20120423,1
W.323,20120423,1
e.323,20120423,1
p.323,20120423,1
2.323,20120424,1
7.323,20120424,1
A.323,20120424,1
W.323,20120424,1
e.323,20120424,1
p.323,20120424,1
2.323,20120425,1
7.323,20120425,1
A.323,20120425,1
W.323,20120425,1
e.323,20120425,1
p.323,20120425,1
2.323,20120426,1
7.323,20120426,1
A.323,20120426,1
W.323,20120426,1
e.323,20120426,1
p.323,20120426,1
2.323,20120427,1
7.323,20120427,1
A.323,20120427,1
P.323,20120427,1
W.323,20120427,1
e.323,20120427,1
8.323,20120428,1
B.323,20120428,1
S.323,20120428,1
C.323,20120429,1
U.323,20120429,1
2.323,20120430,1
7.323,20120430,1
A.323,20120430,1
W.323,20120430,1
e.323,20120430,1
p.323,20120430,1
2.323,20120501,1
7.323,20120501,1
A.323,20120501,1
W.323,20120501,1
e.323,20120501,1
p.323,20120501,1
2.323,20120502,1
7.323,20120502,1
A.323,20120502,1
W.323,20120502,1
e.323,20120502,1
p.323,20120502,1
2.323,20120503,1
7.323,20120503,1
A.323,20120503,1
W.323,20120503,1
e.323,20120503,1
p.323,20120503,1
2.323,20120504,1
7.323,20120504,1
A.323,20120504,1
P.323,20120504,1
W.323,20120504,1
e.323,20120504,1
8.323,20120505,1
B.323,20120505,1
K.323,20120505,1
S.323,20120505,1
o.323,20120505,1
C.323,20120506,1
U.323,20120506,1
k.323,20120506,1
2.323,20120507,1
7.323,20120507,1
A.323,20120507,1
W.323,20120507,1
e.323,20120507,1
p.323,20120507,1
2.323,20120508,1
7.323,20120508,1
A.323,20120508,1
W.323,20120508,1
e.323,20120508,1
p.323,20120508,1
2.323,20120509,1
7.323,20120509,1
A.323,20120509,1
W.323,20120509,1
e.323,20120509,1
p.323,20120509,1
2.323,20120510,1
7.323,20120510,1
A.323,20120510,1
W.323,20120510,1
e.323,20120510,1
p.323,20120510,1
2.323,20120511,1
7.323,20120511,1
A.323,20120511,1
P.323,20120511,1
W.323,20120511,1
e.323,20120511,1
8.323,20120512,1
B.323,20120512,1
K.323,20120512,1
S.323,20120512,1
C.323,20120513,1
U.323,20120513,1
k.323,20120513,1
2.323,20120514,1
7.323,20120514,1
A.323,20120514,1
W.323,20120514,1
e.323,20120514,1
p.323,20120514,1
2.323,20120515,1
7.323,20120515,1
A.323,20120515,1
W.323,20120515,1
e.323,20120515,1
p.323,20120515,1
2.323,20120516,1
7.323,20120516,1
A.323,20120516,1
W.323,20120516,1
e.323,20120516,1
p.323,20120516,1
2.323,20120517,1
7.323,20120517,1
A.323,20120517,1
W.323,20120517,1
e.323,20120517,1
p.323,20120517,1
2.323,20120518,1
7.323,20120518,1
A.323,20120518,1
P.323,20120518,1
W.323,20120518,1
e.323,20120518,1
8.323,20120519,1
B.323,20120519,1
K.323,20120519,1
S.323,20120519,1
C.323,20120520,1
U.323,20120520,1
k.323,20120520,1
l.323,20120520,1
2.323,20120521,1
7.323,20120521,1
A.323,20120521,1
W.323,20120521,1
e.323,20120521,1
p.323,20120521,1
